# ort(start) =    -8.1790
#   klo  khi step start
#%    4  284    1    4

# Energy[ev]             flux               DELTA(E)           Probability
0.150000          0.125881160          202.725897         0.620942670674E-03
0.150150          0.916352734E-01      203.121421         0.451135449265E-03
0.150300          0.659300878E-01      203.514937         0.323956996146E-03
0.150450          0.953844488E-01      203.906436         0.467785375177E-03
0.150600          0.226153260          204.295908         0.110698869025E-02
0.150750          0.486714392          204.683344         0.237788958792E-02
0.150900          0.875775278          205.068733         0.427064264978E-02
0.151050           1.35894033          205.452067         0.661439111593E-02
0.151200           1.87499619          205.833337         0.910929307789E-02
0.151350           2.34977567          206.212532         0.113949217733E-01
0.151500           2.71344130          206.589645         0.131344497331E-01
0.151650           2.91628327          206.964665         0.140907302468E-01
0.151800           2.93888956          207.337584         0.141744178466E-01
0.151950           2.79447420          207.708394         0.134538337609E-01
0.152100           2.52355594          208.077084         0.121279858995E-01
0.152250           2.18327634          208.443647         0.104741802874E-01
0.152400           1.83480571          208.808074         0.878704386531E-02
0.152550           1.53223976          209.170356         0.732531983797E-02
0.152700           1.31529682          209.530485         0.627735299672E-02
0.152850           1.20648779          209.888452         0.574823331848E-02
0.153000           1.21189797          210.244249         0.576423838739E-02
0.153150           1.32384292          210.597867         0.628611742238E-02
0.153300           1.52369635          210.949299         0.722304530010E-02
0.153450           1.78400776          211.298537         0.844306727485E-02
0.153600           2.07018323          211.645572         0.978136801201E-02
0.153750           2.34290406          211.990397         0.110519348934E-01
0.153900           2.56262217          212.333003         0.120688830154E-01
0.154050           2.69672091          212.673383         0.126801054283E-01
0.154200           2.72849751          213.011529         0.128091541413E-01
0.154350           2.66557874          213.347434         0.124940745384E-01
0.154500           2.54443730          213.681089         0.119076391397E-01
0.154650           2.42790481          214.012489         0.113446874876E-01
0.154800           2.39416553          214.341625         0.111698581053E-01
0.154950           2.51833443          214.668490         0.117312719525E-01
0.155100           2.85058603          214.993076         0.132589666372E-01
0.155250           3.39689630          215.315378         0.157763757470E-01
0.155400           4.10889122          215.635387         0.190548095195E-01
0.155550           4.88762563          215.953097         0.226328109908E-01
0.155700           5.60257580          216.268501         0.259056486657E-01
0.155850           6.12262028          216.581592         0.282693474334E-01
0.156000           6.35164783          216.892364         0.292847923016E-01
0.156150           6.25904665          217.200810         0.288168661300E-01
0.156300           5.89565262          217.506923         0.271055860930E-01
0.156450           5.38895512          217.810697         0.247414621634E-01
0.156600           4.91676233          218.112126         0.225423612187E-01
0.156750           4.66465581          218.411203         0.213572185935E-01
0.156900           4.77762126          218.707923         0.218447562184E-01
0.157050           5.31863753          219.002279         0.242857633647E-01
0.157200           6.24586274          219.294265         0.284816510211E-01
0.157350           7.41552231          219.583876         0.337707961383E-01
0.157500           8.61085393          219.871105         0.391631903084E-01
0.157650           9.59038388          220.155947         0.435617752365E-01
0.157800           10.1434401          220.438396         0.460148514942E-01
0.157950           10.1387343          220.718447         0.459351470958E-01
0.158100           9.55370547          220.996094         0.432302006268E-01
0.158250           8.47758376          221.271331         0.383130688691E-01
0.158400           7.08828689          221.544155         0.319949172233E-01
0.158550           5.61020496          221.814558         0.252923207987E-01
0.158700           4.26467701          222.082536         0.192031173516E-01
0.158850           3.22619122          222.348085         0.145096424528E-01
0.159000           2.59482123          222.611199         0.116562924065E-01
0.159150           2.39004210          222.871873         0.107238390651E-01
0.159300           2.56458500          223.130103         0.114936755112E-01
0.159450           3.03140351          223.385883         0.135702555249E-01
0.159600           3.69379324          223.639210         0.165167514559E-01
0.159750           4.46902281          223.890078         0.199607898816E-01
0.159900           5.29919987          224.138484         0.236425256934E-01
0.160050           6.14824700          224.384423         0.274005072717E-01
0.160200           6.98900629          224.627890         0.311137066884E-01
0.160350           7.78789865          224.868882         0.346330652089E-01
0.160500           8.49513395          225.107394         0.377381381360E-01
0.160650           9.04607329          225.343423         0.401434981058E-01
0.160800           9.37486330          225.576965         0.415594886187E-01
0.160950           9.43646356          225.808015         0.417897635359E-01
0.161100           9.22941884          226.036570         0.408315292559E-01
0.161250           8.81052379          226.262627         0.389393683934E-01
0.161400           8.29438071          226.486181         0.366220166714E-01
0.161550           7.83524692          226.707237         0.345610798194E-01
0.161700           7.59414816          226.925853         0.334653282356E-01
0.161850           7.69923549          227.142037         0.338961276507E-01
0.162000           8.21017359          227.358952         0.361110636650E-01
0.162150           9.09702038          227.569757         0.399746455840E-01
0.162300           10.2405981          227.778159         0.449586481475E-01
0.162450           11.4557217          227.984061         0.502479058524E-01
0.162600           12.5324471          228.187438         0.549217223825E-01
0.162750           13.2855027          228.388283         0.581706842264E-01
0.162900           13.5996649          228.586596         0.594945859468E-01
0.163050           13.4596868          228.782374         0.588318346929E-01
0.163200           12.9571925          228.975613         0.565876526929E-01
0.163350           12.2726330          229.166312         0.535533903906E-01
0.163500           11.6364205          229.354468         0.507355300956E-01
0.163650           11.2781701          229.540080         0.491337727703E-01
0.163800           11.3754552          229.723144         0.495181069953E-01
0.163950           12.0131845          229.903658         0.522531243764E-01
0.164100           13.1619208          230.081622         0.572054416960E-01
0.164250           14.6790655          230.257032         0.637507804442E-01
0.164400           16.3319688          230.429888         0.708760871982E-01
0.164550           17.8378109          230.600187         0.773538443214E-01
0.164700           18.9123113          230.767927         0.819538118581E-01
0.164850           19.3183150          230.933107         0.836532933141E-01
0.165000           18.9059844          231.095726         0.818101861360E-01
0.165150           17.6382941          231.255782         0.762717969839E-01
0.165300           15.5982592          231.413274         0.674043406858E-01
0.165450           12.9773049          231.568201         0.560409626693E-01
0.165600           10.0470002          231.720561         0.433582595853E-01
0.165750           7.11873893          231.870354         0.307013760977E-01
0.165900           4.49764742          232.017578         0.193849425734E-01
0.166050           2.43785955          232.162232         0.105006724257E-01
0.166200           1.10617645          232.304316         0.476175589625E-02
0.166350          0.559941241          232.443830         0.240893140352E-02
0.166500          0.742750629          232.580771         0.319351692401E-02
0.166650           1.49864660          232.715141         0.643983282434E-02
0.166800           2.60215350          232.846937         0.111753821383E-01
0.166950           3.79858539          232.976161         0.163046097463E-01
0.167100           4.84711162          233.102811         0.207938788276E-01
0.167250           5.55864536          233.226888         0.238336385626E-01
0.167400           5.82189160          233.348391         0.249493538981E-01
0.167550           5.61361754          233.467321         0.240445537658E-01
0.167700           4.99274859          233.583676         0.213745612589E-01
0.167850           4.08136281          233.697458         0.174643012547E-01
0.168000           3.03816972          233.808666         0.129942562322E-01
0.168150           2.03098808          233.917301         0.868250474727E-02
0.168300           1.21390750          234.023363         0.518712100395E-02
0.168450          0.712570011          234.126853         0.304352106987E-02
0.168600          0.618091659          234.227771         0.263884874306E-02
0.168750          0.987495255          234.326117         0.421419202455E-02
0.168900           1.84696214          234.421893         0.787879542439E-02
0.169050           3.19417907          234.515099         0.136203557227E-01
0.169200           4.99748223          234.605736         0.213016199817E-01
0.169350           7.19181924          234.693804         0.306434132675E-01
0.169500           9.67389172          234.779306         0.412041925995E-01
0.169650           12.3003196          234.862241         0.523724868084E-01
0.169800           14.8926806          234.942611         0.633885891366E-01
0.169950           17.2517126          235.020417         0.734051653347E-01
0.170100           19.1802476          235.095661         0.815848643675E-01
0.170250           20.5114196          235.168344         0.872201558692E-01
0.170400           21.1363336          235.238467         0.898506689584E-01
0.170550           21.0245337          235.306032         0.893497438491E-01
0.170700           20.2316346          235.371040         0.859563462140E-01
0.170850           18.8912162          235.433494         0.802401387231E-01
0.171000           17.1918057          235.493395         0.730033455614E-01
0.171150           15.3434801          235.550744         0.651387459351E-01
0.171300           13.5412671          235.605545         0.574743140710E-01
0.171450           11.9333717          235.657797         0.506385607807E-01
0.171600           10.6010749          235.707505         0.449755510609E-01
0.171750           9.55426284          235.754670         0.405262930564E-01
0.171900           8.74274557          235.799294         0.370770643017E-01
0.172050           8.07981523          235.841379         0.342595318634E-01
0.172200           7.47181192          235.880928         0.316762020176E-01
0.172350           6.84643290          235.917943         0.290203992588E-01
0.172500           6.17327960          235.952427         0.261632383763E-01
0.172650           5.47236963          235.984383         0.231895414624E-01
0.172800           4.80938211          236.013812         0.203775451195E-01
0.172950           4.27945853          236.040718         0.181301707627E-01
0.173100           3.98374284          236.065105         0.168756108619E-01
0.173250           4.00406740          236.086980         0.169601364486E-01
0.173400           4.38116327          236.106386         0.185558863428E-01
0.173550           5.10068447          236.123405         0.216017741932E-01
0.173700           6.08957308          236.137702         0.257882287450E-01
0.173850           7.22330113          236.149495         0.305878322668E-01
0.174000           8.34268663          236.158786         0.353265985556E-01
0.174150           9.27754483          236.165579         0.392840686798E-01
0.174300           9.87350973          236.169877         0.418068123181E-01
0.174450           10.0179554          236.171683         0.424181055177E-01
0.174600           9.66102925          236.171001         0.409069242829E-01
0.174750           8.82835263          236.167834         0.373816894844E-01
0.174900           7.62293019          236.162186         0.322783690142E-01
0.175050           6.21521126          236.154061         0.263184602494E-01
0.175200           4.82196700          236.143462         0.204196506847E-01
0.175350           3.67649678          236.130393         0.155697736800E-01
0.175500           2.99435810          236.114859         0.126817859156E-01
0.175650           2.93996975          236.096863         0.124523880184E-01
0.175800           3.59974028          236.076410         0.152481998842E-01
0.175950           4.96662527          236.053503         0.210402523635E-01
0.176100           6.93923913          236.028146         0.294000492753E-01
0.176250           9.33611024          236.000345         0.395597313748E-01
0.176400           11.9228584          235.970102         0.505269873712E-01
0.176550           14.4475871          235.937424         0.612348260215E-01
0.176700           16.6781810          235.902313         0.706995228813E-01
0.176850           18.4348601          235.864775         0.781585976895E-01
0.177000           19.6123637          235.824814         0.831649704668E-01
0.177150           20.1882944          235.782435         0.856225543560E-01
0.177300           20.2169592          235.737643         0.857604197992E-01
0.177450           19.8108775          235.690442         0.840546498646E-01
0.177600           19.1143595          235.640836         0.811164981103E-01
0.177750           18.2747532          235.588832         0.775705408545E-01
0.177900           17.4169190          235.534434         0.739463809392E-01
0.178050           16.6253207          235.477647         0.706025427324E-01
0.178200           15.9361766          235.418476         0.676929729276E-01
0.178350           15.3398835          235.356927         0.651771065381E-01
0.178500           14.7919077          235.293003         0.628659055804E-01
0.178650           14.2289376          235.226712         0.604903136664E-01
0.178800           13.5865137          235.158057         0.577760929073E-01
0.178950           12.8146028          235.087045         0.545100341180E-01
0.179100           11.8884756          235.013680         0.505863131824E-01
0.179250           10.8135121          234.937969         0.460270947118E-01
0.179400           9.62386332          234.859916         0.409770363185E-01
0.179550           8.37599606          234.779528         0.356760068131E-01
0.179700           7.13886592          234.696811         0.304173964142E-01
0.179850           5.98275051          234.611768         0.255006411377E-01
0.180000           4.96867959          234.524408         0.211861939180E-01
0.180150           4.14002412          234.434735         0.176596020386E-01
0.180300           3.51728157          234.342755         0.150091329636E-01
0.180450           3.09653257          234.248475         0.132190084695E-01
0.180600           2.85152386          234.151899         0.121780940897E-01
0.180750           2.73889298          234.053035         0.117020186098E-01
0.180900           2.70570391          233.951889         0.115652150719E-01
0.181050           2.69820807          233.848466         0.115382756795E-01
0.181200           2.67058341          233.742773         0.114253090345E-01
0.181350           2.59235301          233.634815         0.110957478772E-01
0.181500           2.45327062          233.524600         0.105054055070E-01
0.181650           2.26471875          233.412134         0.970266076365E-02
0.181800           2.05711085          233.297423         0.881754640445E-02
0.181950           1.87340959          233.180473         0.803416153427E-02
0.182100           1.75960212          233.061292         0.754995435816E-02
0.182250           1.75369492          232.939885         0.752853003065E-02
0.182400           1.87534857          232.816259         0.805505843266E-02
0.182550           2.11849913          232.690422         0.910436758371E-02
0.182700           2.44907316          232.562379         0.105308226292E-01
0.182850           2.80914118          232.432137         0.120858553133E-01
0.183000           3.12763013          232.299704         0.134637715037E-01
0.183150           3.33622132          232.165085         0.143700389690E-01
0.183300           3.38760147          232.028289         0.145999502213E-01
0.183450           3.27217415          231.889334         0.141109299543E-01
0.183600           3.02901430          231.748311         0.130702756014E-01
0.183750           2.74747518          231.603231         0.118628533883E-01
0.183900           2.55744831          231.457817         0.110493062557E-01
0.184050           2.60860150          231.310187         0.112775037327E-01
0.184200           3.04152299          231.160444         0.131576273930E-01
0.184350           3.95598336          231.008576         0.171248333453E-01
0.184500           5.38288932          230.854586         0.233172292763E-01
0.184650           7.26649245          230.698483         0.314977903114E-01
0.184800           9.46186965          230.540274         0.410421550402E-01
0.184950           11.7498148          230.379965         0.510018948437E-01
0.185100           13.8676321          230.217565         0.602370722025E-01
0.185250           15.5507105          230.053081         0.675961844234E-01
0.185400           16.5770494          229.886520         0.721097061094E-01
0.185550           16.8058223          229.717890         0.731585265215E-01
0.185700           16.2019581          229.547198         0.705822514953E-01
0.185850           14.8414899          229.374453         0.647041974728E-01
0.186000           12.8964882          229.199662         0.562674833294E-01
0.186150           10.6028220          229.022832         0.462959169900E-01
0.186300           8.21773687          228.843971         0.359097808675E-01
0.186450           5.97636430          228.663088         0.261361129503E-01
0.186600           4.05626780          228.480190         0.177532581869E-01
0.186750           2.55695972          228.295284         0.112002301246E-01
0.186900           1.49754713          228.108379         0.656506850192E-02
0.187050          0.831231931          227.919482         0.364704202574E-02
0.187200          0.471433521          227.728603         0.207015506981E-02
0.187350          0.321826623          227.535747         0.141440027245E-02
0.187500          0.302204145          227.340925         0.132929935724E-02
0.187650          0.363839567          227.144143         0.160180034694E-02
0.187800          0.491410159          226.945410         0.216532319063E-02
0.187950          0.692590739          226.744734         0.305449536798E-02
0.188100          0.980001223          226.542123         0.432591171499E-02
0.188250           1.35229243          226.337585         0.597467019899E-02
0.188400           1.78120324          226.131129         0.787685995265E-02
0.188550           2.20942122          225.922763         0.977954228600E-02
0.188700           2.56061702          225.712495         0.113445957857E-01
0.188850           2.75911437          225.500334         0.122355223116E-01
0.189000           2.75345374          225.286288         0.122220209955E-01
0.189150           2.53657156          225.070364         0.112701268504E-01
0.189300           2.15593679          224.852573         0.958822380566E-02
0.189450           1.70963204          224.632922         0.761078129815E-02
0.189600           1.32830777          224.411419         0.591907389591E-02
0.189750           1.14705127          224.188073         0.511646873171E-02
0.189900           1.27429294          223.962894         0.568975029596E-02
0.190050           1.76599128          223.735888         0.789319627330E-02
0.190200           2.61211302          223.507066         0.116869370948E-01
0.190350           3.73915372          223.276435         0.167467459070E-01
0.190500           5.02802858          223.044004         0.225427651080E-01
0.190650           6.34236438          222.809782         0.284653767547E-01
0.190800           7.55929735          222.573777         0.339631085555E-01
0.190950           8.59421124          222.335999         0.386541598385E-01
0.191100           9.41267150          222.096456         0.423810072602E-01
0.191250           10.0266339          221.855156         0.451945046164E-01
0.191400           10.4767293          221.612109         0.472750758478E-01
0.191550           10.8066625          221.367324         0.488177850952E-01
0.191700           11.0382311          221.120809         0.499194585244E-01
0.191850           11.1553932          220.872573         0.505060135800E-01
0.192000           11.1031485          220.622625         0.503264272774E-01
0.192150           10.8024870          220.370974         0.490195547005E-01
0.192300           10.1776108          220.117647         0.462371415364E-01
0.192450           9.18755371          219.862760         0.417876756265E-01
0.192600           7.85247127          219.603545         0.357574886011E-01
0.192750           6.26586801          219.345195         0.285662423971E-01
0.192900           4.58766832          219.085110         0.209401191577E-01
0.193050           3.01831756          218.823412         0.137933941166E-01
0.193200           1.75951935          218.560078         0.805050660640E-02
0.193350          0.971197614          218.295113         0.444901217288E-02
0.193500          0.735644549          218.028526         0.337407476724E-02
0.193650           1.03815359          217.760327         0.476741378959E-02
0.193800           1.76919932          217.490524         0.813460413556E-02
0.193950           2.74762103          217.219127         0.126490750014E-01
0.194100           3.75888947          216.946144         0.173263713803E-01
0.194250           4.59889604          216.671586         0.212251921397E-01
0.194400           5.11277196          216.395460         0.236269834389E-01
0.194550           5.22017660          216.117777         0.241543137674E-01
0.194700           4.92259791          215.838545         0.228068527069E-01
0.194850           4.29317841          215.557775         0.199166020410E-01
0.195000           3.45391923          215.275474         0.160441836009E-01
0.195150           2.54759986          214.991652         0.118497617477E-01
0.195300           1.71181079          214.706319         0.797280116334E-02
0.195450           1.06036390          214.419484         0.494527775007E-02
0.195600          0.673951005          214.131156         0.314737479550E-02
0.195750          0.598551206          213.841345         0.279904340127E-02
0.195900          0.847936674          213.550059         0.397066934394E-02
0.196050           1.40638067          213.257309         0.659475950434E-02
0.196200           2.22927689          212.963103         0.104679020043E-01
0.196350           3.24206518          212.667451         0.152447643862E-01
0.196500           4.34042033          212.370362         0.204379758328E-01
0.196650           5.39590306          212.071846         0.254437501109E-01
0.196800           6.27046051          211.771912         0.296095003704E-01
0.196950           6.84033442          211.470569         0.323465078095E-01
0.197100           7.02593619          211.167827         0.332718117272E-01
0.197250           6.82049363          210.863696         0.323455092869E-01
0.197400           6.30827804          210.558184         0.299597855975E-01
0.197550           5.66405801          210.251301         0.269394671255E-01
0.197700           5.12930764          209.943056         0.244318994319E-01
0.197850           4.96680529          209.633460         0.236928078493E-01
0.198000           5.40191950          209.322521         0.258066808599E-01
0.198150           6.56403941          209.010249         0.314053470436E-01
0.198300           8.44346838          208.696653         0.404580918782E-01
0.198450           10.8767237          208.381744         0.521961449701E-01
0.198600           13.5668575          208.065529         0.652047340057E-01
0.198750           16.1366498          207.748019         0.776741452173E-01
0.198900           18.2036836          207.429224         0.877585292717E-01
0.199050           19.4599254          207.109152         0.939597562125E-01
0.199200           19.7364614          206.787814         0.954430586675E-01
0.199350           19.0372280          206.465218         0.922054970254E-01
0.199500           17.5332257          206.141373         0.850543753089E-01
0.199650           15.5187912          205.816305         0.754011749309E-01
0.199800           13.3412665          205.490223         0.649240936373E-01
0.199950           11.3221259          205.159897         0.551868372818E-01
0.200100           9.68943877          204.831368         0.473044674819E-01
0.200250           8.53797616          204.501409         0.417502069151E-01
0.200400           7.82539015          204.170268         0.383277654106E-01
0.200550           7.40298853          203.837950         0.363180092035E-01
0.200700           7.07052335          203.504460         0.347438250519E-01
0.200850           6.63864720          203.169808         0.326753629331E-01
0.201000           5.98176174          202.834003         0.294909219138E-01
0.201150           5.06793471          202.497055         0.250272020752E-01
0.201300           3.96001416          202.158973         0.195886143132E-01
0.201450           2.79066699          201.819768         0.138275205760E-01
0.201600           1.72122949          201.479447         0.854295322069E-02
0.201750          0.897949349          201.138022         0.446434413480E-02
0.201900          0.418544577          200.795501         0.208443204423E-02
0.202050          0.317498698          200.451894         0.158391468552E-02
0.202200          0.571808834          200.107210         0.285751239934E-02
0.202350           1.12225483          199.761459         0.561797475580E-02
0.202500           1.90077364          199.414650         0.953176527061E-02
0.202650           2.85351069          199.066793         0.143344384541E-01
0.202800           3.95169621          198.717897         0.198859602523E-01
0.202950           5.18759348          198.367972         0.261513661732E-01
0.203100           6.55853438          198.017028         0.331210626535E-01
0.203250           8.04648316          197.665072         0.407076630503E-01
0.203400           9.60216193          197.312116         0.486648367479E-01
0.203550           11.1410368          196.958169         0.565654974747E-01
0.203700           12.5540597          196.603239         0.638547959761E-01
0.203850           13.7305484          196.247337         0.699655273037E-01
0.204000           14.5859018          195.890471         0.744594757594E-01
0.204150           15.0846416          195.532652         0.771464071115E-01
0.204300           15.2503520          195.173888         0.781372552991E-01
0.204450           15.1581593          194.814190         0.778082913796E-01
0.204600           14.9111283          194.453566         0.766822054285E-01
0.204750           14.6074521          194.092025         0.752604442326E-01
0.204900           14.3087184          193.729578         0.738592347376E-01
0.205050           14.0196542          193.366234         0.725031144986E-01
0.205200           13.6864457          193.002001         0.709134912772E-01
0.205350           13.2149981          192.636889         0.686005582232E-01
0.205500           12.5041284          192.270906         0.650339081351E-01
0.205650           11.4837221          191.904072         0.598409506218E-01
0.205800           10.1459419          191.536593         0.529712977540E-01
0.205950           8.55934128          191.165612         0.447744820988E-01
0.206100           6.86071346          190.796455         0.359582857817E-01
0.206250           5.22620075          190.426264         0.274447475048E-01
0.206400           3.82953394          190.055257         0.201495817857E-01
0.206550           2.79931032          189.683447         0.147577997217E-01
0.206700           2.18768986          189.310843         0.115560726944E-01
0.206850           1.95963604          188.937452         0.103718771220E-01
0.207000           2.00583222          188.563285         0.106374484318E-01
0.207150           2.17548459          188.188351         0.115601448352E-01
0.207300           2.31946388          187.812658         0.123498804955E-01
0.207450           2.33135244          187.436216         0.124381109319E-01
0.207600           2.17477240          187.059034         0.116261287130E-01
0.207750           1.88957113          186.681121         0.101219186792E-01
0.207900           1.57571718          186.302487         0.845784299718E-02
0.208050           1.36020839          185.923140         0.731597150108E-02
0.208200           1.35700932          185.543090         0.731371522410E-02
0.208350           1.63168835          185.162345         0.881220396718E-02
0.208500           2.18063987          184.780915         0.118012180745E-01
0.208650           2.93021429          184.398809         0.158906357110E-01
0.208800           3.75519260          184.016035         0.204068770284E-01
0.208950           4.51061267          183.632604         0.245632451936E-01
0.209100           5.06753834          183.248523         0.276539110162E-01
0.209250           5.34283776          182.863802         0.292175800179E-01
0.209400           5.31537702          182.478450         0.291287931654E-01
0.209550           5.02536747          182.092475         0.275978865216E-01
0.209700           4.55852599          181.705888         0.250873873789E-01
0.209850           4.02074003          181.318695         0.221749887409E-01
0.210000           3.51097262          180.930908         0.194050461382E-01
0.210150           3.09977773          180.542534         0.171692379965E-01
0.210300           2.81836187          180.153582         0.156442177852E-01
0.210450           2.65955283          179.764062         0.147946859040E-01
0.210600           2.58850783          179.373988         0.144307871015E-01
0.210750           2.55856196          178.983342         0.142949725286E-01
0.210900           2.52688827          178.591036         0.141490207104E-01
0.211050           2.46561901          178.198848         0.138363352868E-01
0.211200           2.36623243          177.806567         0.133079023383E-01
0.211350           2.23749365          177.413816         0.126117215704E-01
0.211500           2.09920084          177.020558         0.118585144004E-01
0.211650           1.97485182          176.626802         0.111809295003E-01
0.211800           1.88597823          176.232555         0.107016449175E-01
0.211950           1.84960179          175.837827         0.105187935124E-01
0.212100           1.87864976          175.442625         0.107080577181E-01
0.212250           1.98387714          175.046960         0.113333995445E-01
0.212400           2.17534737          174.650839         0.124554075081E-01
0.212550           2.46194545          174.254271         0.141284654675E-01
0.212700           2.84849957          173.857264         0.163841274668E-01
0.212850           3.33138088          173.459827         0.192054894832E-01
0.213000           3.89439291          173.061969         0.225028811493E-01
0.213150           4.50696723          172.663697         0.261025757527E-01
0.213300           5.12605904          172.265021         0.297568189531E-01
0.213450           5.70191998          171.865949         0.331765543328E-01
0.213600           6.18657691          171.466488         0.360803849414E-01
0.213750           6.54287390          171.066649         0.382475131439E-01
0.213900           6.75170535          170.666438         0.395608264671E-01
0.214050           6.81566040          170.265865         0.400295174001E-01
0.214200           6.75848172          169.864937         0.397873854335E-01
0.214350           6.62105722          169.463663         0.390706603557E-01
0.214500           6.45560679          169.062051         0.381848365317E-01
0.214650           6.31993666          168.660110         0.374714369424E-01
0.214800           6.27304238          168.257847         0.372823170389E-01
0.214950           6.37220358          167.855270         0.379624873284E-01
0.215100           6.67052632          167.452389         0.398353607022E-01
0.215250           7.21320263          167.049211         0.431801060308E-01
0.215400           8.03096370          166.645744         0.481918320571E-01
0.215550           9.13036627          166.242010         0.549221357664E-01
0.215700           10.4823449          165.838115         0.632082976411E-01
0.215850           12.0122560          165.431773         0.726115410893E-01
0.216000           13.5956943          165.027286         0.823845233341E-01
0.216150           15.0640963          164.622466         0.915069288362E-01
0.216300           16.2223541          164.217432         0.987858226855E-01
0.216450           16.8776435          163.812168         0.103030462752    
0.216600           16.8751866          163.406680         0.103271094018    
0.216750           16.1337387          163.000975         0.989794002495E-01
0.216900           14.6722072          162.595060         0.902377181865E-01
0.217050           12.6196119          162.188945         0.778080895413E-01
0.217200           10.2036398          161.782636         0.630700555833E-01
0.217350           7.71774301          161.376141         0.478245604626E-01
0.217500           5.47195395          160.969468         0.339937381708E-01
0.217650           3.73698894          160.562625         0.232743388189E-01
0.217800           2.69354711          160.155620         0.168183115774E-01
0.217950           2.39824280          159.748459         0.150126193303E-01
0.218100           2.77429836          159.341151         0.174110601122E-01
0.218250           3.62968933          158.933704         0.228377571472E-01
0.218400           4.69916935          158.526125         0.296428703235E-01
0.218550           5.70105203          158.118421         0.360555842621E-01
0.218700           6.39617932          157.710599         0.405564327418E-01
0.218850           6.63602691          157.302669         0.421863593028E-01
0.219000           6.38950692          156.894636         0.407248269951E-01
0.219150           5.74307042          156.486509         0.367000992426E-01
0.219300           4.87493409          156.078295         0.312339015481E-01
0.219450           4.01013308          155.670000         0.257604745411E-01
0.219600           3.36723487          155.261634         0.216874883428E-01
0.219750           3.10900823          154.853202         0.200771323585E-01
0.219900           3.30788413          154.444712         0.214179177313E-01
0.220050           3.93315039          154.036171         0.255339402158E-01
0.220200           4.86153416          153.627588         0.316449294018E-01
0.220350           5.90747186          153.218968         0.385557477458E-01
0.220500           6.86520565          152.810319         0.449263224688E-01
0.220650           7.55277135          152.401648         0.495583313617E-01
0.220800           7.84828179          151.992962         0.516358237298E-01
0.220950           7.71138597          151.584269         0.508719410020E-01
0.221100           7.18663618          151.175575         0.475383421013E-01
0.221250           6.38969880          150.766887         0.423813141669E-01
0.221400           5.48089462          150.358213         0.364522464242E-01
0.221550           4.63270649          149.949559         0.308950992450E-01
0.221700           3.99832000          149.540928         0.267372955997E-01
0.221850           3.68709523          149.132326         0.247236487103E-01
0.222000           3.75060050          148.723984         0.252185316746E-01
0.222150           4.18016624          148.312812         0.281847953073E-01
0.222300           4.91452506          147.904585         0.332276721326E-01
0.222450           5.85449681          147.496213         0.396925227737E-01
0.222600           6.88106694          147.087896         0.467820068322E-01
0.222750           7.87350493          146.679654         0.536782350410E-01
0.222900           8.72506214          146.271494         0.596497780936E-01
0.223050           9.35486542          145.863422         0.641344162416E-01
0.223200           9.71552465          145.455445         0.667938187954E-01
0.223350           9.79649700          145.047570         0.675398905059E-01
0.223500           9.62339815          144.639803         0.665335402144E-01
0.223650           9.25339239          144.232150         0.641562395131E-01
0.223800           8.76677929          143.824619         0.609546498426E-01
0.223950           8.25513787          143.417215         0.575602995816E-01
0.224100           7.80696529          143.009945         0.545903661914E-01
0.224250           7.49254586          142.602816         0.525413598050E-01
0.224400           7.35053702          142.195833         0.516930549078E-01
0.224550           7.37911863          141.789004         0.520429541494E-01
0.224700           7.53423462          141.382334         0.532897882018E-01
0.224850           7.73635100          140.975829         0.548771447642E-01
0.225000           7.88540271          140.569497         0.560961152092E-01
