# ort(start) =    -7.9581
#   klo  khi step start
#%    7 1305    1    7

# Energy[ev]             flux               DELTA(E)           Probability
0.100000E-01       379.097568          592.921706         0.639372051534    
0.101040E-01       379.570657          595.284595         0.637628892685    
0.102080E-01       317.021971          597.608196         0.530484644378    
0.103120E-01       147.572739          599.892595         0.245998600106    
0.104160E-01       17.3042834          602.137881         0.287380746756E-01
0.105200E-01       5.89039700          604.344146         0.974675942499E-02
0.106240E-01       23.5244830          606.511487         0.387865415013E-01
0.107280E-01       14.9836786          608.640004         0.246182940978E-01
0.108320E-01       3.23317549          610.729801         0.529395403097E-02
0.109360E-01      0.196146554          612.780987         0.320092427763E-03
0.110400E-01       6.32800640          614.793672         0.102928944845E-01
0.111440E-01       25.2486887          616.767972         0.409370944312E-01
0.112480E-01       62.0401606          618.704005         0.100274380155    
0.113520E-01       88.7767296          620.601892         0.143049401995    
0.114560E-01       47.7632841          622.461760         0.767328809927E-01
0.115600E-01       39.6798124          624.283735         0.635605416430E-01
0.116640E-01       286.774033          626.067951         0.458055763194    
0.117680E-01       649.307838          627.814540          1.03423510642    
0.118720E-01       659.425467          629.523641          1.04749913068    
0.119760E-01       304.847803          631.195394         0.482968990633    
0.120800E-01       92.2608315          632.829944         0.145790875553    
0.121840E-01       188.479243          634.427435         0.297085580336    
0.122880E-01       274.354552          635.988017         0.431383209050    
0.123920E-01       214.782899          637.511841         0.336908093620    
0.124960E-01       161.820546          638.999063         0.253240662871    
0.126000E-01       157.868143          640.449839         0.246495717990    
0.127040E-01       132.510613          641.864328         0.206446451019    
0.128080E-01       81.9842607          643.242692         0.127454632071    
0.129120E-01       31.5893886          644.585096         0.490073207583E-01
0.130160E-01       3.15048784          645.891706         0.487773385645E-02
0.131200E-01       20.6620928          647.162691         0.319272001358E-01
0.132240E-01       50.4103422          648.398222         0.777459599585E-01
0.133280E-01       47.0096695          649.598473         0.723672721694E-01
0.134320E-01       51.6257116          650.763617         0.793309740055E-01
0.135360E-01       107.228559          651.893834         0.164487763607    
0.136400E-01       159.085315          652.989303         0.243626218597    
0.137440E-01       155.824607          654.050204         0.238245636724    
0.138480E-01       140.741437          655.076720         0.214847258215    
0.139520E-01       162.054154          656.069038         0.247007775373    
0.140560E-01       198.043548          657.027343         0.301423601001    
0.141600E-01       223.959858          657.951825         0.340389447388    
0.142640E-01       254.290178          658.842672         0.385964947681    
0.143680E-01       284.529557          659.700078         0.431301384475    
0.144720E-01       287.637216          660.524235         0.435468073248    
0.145760E-01       275.515863          661.315339         0.416617983629    
0.146800E-01       268.097515          662.073585         0.404936128845    
0.147840E-01       239.903941          662.799172         0.361955704154    
0.148880E-01       187.155908          663.492298         0.282076986287    
0.149920E-01       158.738387          664.153165         0.239008703740    
0.150960E-01       154.948201          664.781973         0.233081230938    
0.152000E-01       121.312886          665.378926         0.182321503097    
0.153040E-01       65.2446660          665.944229         0.979731683616E-01
0.154080E-01       42.9328374          666.478086         0.644174779446E-01
0.155120E-01       53.5776634          666.980704         0.803286557863E-01
0.156160E-01       60.1374405          667.452290         0.900999838073E-01
0.157200E-01       57.9756363          667.893053         0.868037720203E-01
0.158240E-01       51.3094888          668.303203         0.767757636418E-01
0.159280E-01       31.6373235          668.682950         0.473128909994E-01
0.160320E-01       9.13763153          669.032505         0.136579784373E-01
0.161360E-01       4.72331924          669.352081         0.705655420696E-02
0.162400E-01       15.4622427          669.641890         0.230903157534E-01
0.163440E-01       33.3215433          669.902147         0.497409113353E-01
0.164480E-01       72.4433377          670.133066         0.108102914770    
0.165520E-01       134.174936          670.334861         0.200161059659    
0.166560E-01       169.297803          670.507750         0.252491940435    
0.167600E-01       126.914945          670.651948         0.189241148915    
0.168640E-01       39.3218323          670.767673         0.586221339443E-01
0.169680E-01       5.14002069          670.855141         0.766189356591E-02
0.170720E-01       63.8742507          670.914573         0.952047448107E-01
0.171760E-01       134.340889          670.946185         0.200226027066    
0.172800E-01       125.454972          670.950197         0.186981049920    
0.173840E-01       68.5184628          670.926829         0.102125090026    
0.174880E-01       63.4171115          670.876300         0.945287700122E-01
0.175920E-01       121.652735          670.798831         0.181355018825    
0.176960E-01       166.261556          670.694643         0.247894564322    
0.178000E-01       169.600111          670.563955         0.252921604257    
0.179040E-01       170.442402          670.406989         0.254237209217    
0.180080E-01       170.261845          670.223966         0.254037238027    
0.181120E-01       134.963267          670.015108         0.201433170348    
0.182160E-01       79.0490110          669.780637         0.118022239930    
0.183200E-01       46.4844702          669.520773         0.694294666725E-01
0.184240E-01       41.3582658          669.235739         0.617992486002E-01
0.185280E-01       44.5190308          668.925757         0.665530222468E-01
0.186320E-01       50.0781599          668.591049         0.749010325580E-01
0.187360E-01       49.9616980          668.231836         0.747670124718E-01
0.188400E-01       33.8056894          667.848341         0.506188116680E-01
0.189440E-01       12.6756559          667.440786         0.189914313446E-01
0.190480E-01       2.70046377          667.009391         0.404861431809E-02
0.191520E-01      0.520388577          666.554380         0.780714361131E-03
0.192560E-01       1.19614602          666.075972         0.179581019321E-02
0.193600E-01       10.8434154          665.574391         0.162918158930E-01
0.194640E-01       28.2885563          665.049858         0.425359933592E-01
0.195680E-01       45.6374682          664.502592         0.686791425620E-01
0.196720E-01       64.3339974          663.932816         0.968983546600E-01
0.197760E-01       83.6916270          663.340749         0.126166871360    
0.198800E-01       92.8698547          662.726613         0.140132979292    
0.199840E-01       92.9668267          662.090626         0.140414050647    
0.200880E-01       95.7654151          661.433010         0.144784753227    
0.201920E-01       97.4625124          660.753983         0.147501967393    
0.202960E-01       90.9792440          660.053764         0.137836111199    
0.204000E-01       86.8233685          659.332572         0.131683723985    
0.205040E-01       88.1967086          658.590626         0.133917345748    
0.206080E-01       82.5158099          657.828143         0.125436728180    
0.207120E-01       73.9022350          657.045340         0.112476613871    
0.208160E-01       74.2028082          656.242435         0.113072249244    
0.209200E-01       72.4678496          655.419644         0.110567100427    
0.210240E-01       62.6045226          654.577183         0.956411623472E-01
0.211280E-01       62.4180871          653.715267         0.954820703337E-01
0.212320E-01       71.0512820          652.834112         0.108835124736    
0.213360E-01       63.7431604          651.933932         0.977754911187E-01
0.214400E-01       38.1522208          651.014940         0.586042170183E-01
0.215440E-01       13.4960811          650.077351         0.207607311220E-01
0.216480E-01       2.16634889          649.121375         0.333735564545E-02
0.217520E-01       11.1509386          648.147227         0.172043296496E-01
0.218560E-01       33.1967450          647.155116         0.512964266775E-01
0.219600E-01       39.7845079          646.145254         0.615720809478E-01
0.220640E-01       22.1493087          645.117851         0.343337402559E-01
0.221680E-01       5.28096661          644.073115         0.819932781225E-02
0.222720E-01       1.12155838          643.011257         0.174422822129E-02
0.223760E-01       3.65399867          641.932483         0.569218533863E-02
0.224800E-01       22.7903307          640.837002         0.355633814135E-01
0.225840E-01       61.0007039          639.725019         0.953545696415E-01
0.226880E-01       86.4028065          638.596740         0.135301045284    
0.227920E-01       78.9594290          637.452371         0.123867182178    
0.228960E-01       60.3807805          636.292115         0.948947489093E-01
0.230000E-01       50.7443076          635.116177         0.798976776996E-01
0.231040E-01       43.5188715          633.924758         0.686499003764E-01
0.232080E-01       34.0377134          632.718060         0.537960199650E-01
0.233120E-01       29.3211391          631.496285         0.464312138621E-01
0.234160E-01       26.8637656          630.259633         0.426233320784E-01
0.235200E-01       16.5789085          629.008303         0.263572172465E-01
0.236240E-01       3.46494217          627.742493         0.551968714358E-02
0.237280E-01       2.38461848          626.462401         0.380648301039E-02
0.238320E-01       11.3947210          625.168223         0.182266478353E-01
0.239360E-01       14.4487952          623.860157         0.231603109016E-01
0.240400E-01       8.74598705          622.538396         0.140489118633E-01
0.241440E-01       5.96712918          621.203134         0.960576154670E-02
0.242480E-01       10.0539398          619.854565         0.162198366476E-01
0.243520E-01       12.9093358          618.492880         0.208722463967E-01
0.244560E-01       8.33644595          617.118271         0.135086681720E-01
0.245600E-01       1.20062320          615.730929         0.194991536714E-02
0.246640E-01       2.29717106          614.331042         0.373930486523E-02
0.247680E-01       11.6782388          612.918799         0.190534843857E-01
0.248720E-01       17.7823458          611.494388         0.290801455404E-01
0.249760E-01       20.0220472          610.057994         0.328199079061E-01
0.250800E-01       25.9484352          608.609804         0.426355853929E-01
0.251840E-01       26.1475805          607.150001         0.430660964717E-01
0.252880E-01       12.7330717          605.678769         0.210228133201E-01
0.253920E-01       5.77191015          604.196290         0.955303805068E-02
0.254960E-01       17.2067560          602.702747         0.285493240457E-01
0.256000E-01       26.7216691          601.198319         0.444473450045E-01
0.257040E-01       25.2902585          599.683186         0.421726990449E-01
0.258080E-01       28.0825163          598.157527         0.469483624304E-01
0.259120E-01       36.0123543          596.621517         0.603604684343E-01
0.260160E-01       40.8390871          595.075335         0.686284318331E-01
0.261200E-01       50.1758917          593.519155         0.845396332781E-01
0.262240E-01       66.6462595          591.953151         0.112587050804    
0.263280E-01       78.7718585          590.377497         0.133426255204    
0.264320E-01       85.9650016          588.792364         0.146002235939    
0.265360E-01       92.4031302          587.197924         0.157362835269    
0.266400E-01       90.0376464          585.594347         0.153754295713    
0.267440E-01       77.1123318          583.981801         0.132045778900    
0.268480E-01       64.4120111          582.360455         0.110605056730    
0.269520E-01       53.9151731          580.730475         0.928402682848E-01
0.270560E-01       41.1459431          579.092027         0.710525118300E-01
0.271600E-01       29.6806595          577.445275         0.513999521707E-01
0.272640E-01       23.1670309          575.790383         0.402351821228E-01
0.273680E-01       18.8204211          574.127514         0.327809077290E-01
0.274720E-01       15.1964513          572.456829         0.265460214802E-01
0.275760E-01       14.1889957          570.778487         0.248590232823E-01
0.276800E-01       17.1696924          569.092649         0.301702937887E-01
0.277840E-01       22.8127050          567.399472         0.402057212847E-01
0.278880E-01       28.2940430          565.699113         0.500160639089E-01
0.279920E-01       34.4507961          563.991728         0.610838675861E-01
0.280960E-01       42.0721251          562.277472         0.748244900035E-01
0.282000E-01       44.0680813          560.556499         0.786148789037E-01
0.283040E-01       36.7549427          558.828961         0.657713634379E-01
0.284080E-01       28.7969230          557.095008         0.516912241599E-01
0.285120E-01       24.7382071          555.354793         0.445448700976E-01
0.286160E-01       20.3632347          553.608464         0.367827372292E-01
0.287200E-01       17.4224340          551.856169         0.315706066551E-01
0.288240E-01       18.1868942          550.098055         0.330611861634E-01
0.289280E-01       17.9443364          548.334267         0.327251778263E-01
0.290320E-01       19.0553403          546.564952         0.348638166665E-01
0.291360E-01       26.8030818          544.790252         0.491989011539E-01
0.292400E-01       32.9760787          543.010310         0.607282736614E-01
0.293440E-01       31.3541521          541.225268         0.579317966302E-01
0.294480E-01       29.1865959          539.435265         0.541058358659E-01
0.295520E-01       28.0381583          537.640441         0.521503893772E-01
0.296560E-01       24.3924765          535.840934         0.455218608927E-01
0.297600E-01       23.4172414          534.036882         0.438494834004E-01
0.298640E-01       25.3828841          532.228420         0.476917112899E-01
0.299680E-01       23.6422404          530.415682         0.445730417976E-01
0.300720E-01       22.7302454          528.598803         0.430009399237E-01
0.301760E-01       25.7351351          526.777915         0.488538611493E-01
0.302800E-01       24.2235172          524.953150         0.461441506738E-01
0.303840E-01       22.0150893          523.124637         0.420838319326E-01
0.304880E-01       27.0168483          521.292507         0.518266576605E-01
0.305920E-01       27.9890740          519.456887         0.538814186263E-01
0.306960E-01       24.9558845          517.617905         0.482129467734E-01
0.308000E-01       34.7268609          515.775686         0.673293872437E-01
0.309040E-01       43.3901671          513.930356         0.844281070831E-01
0.310080E-01       39.8755184          512.082037         0.778693949597E-01
0.311120E-01       71.8243412          510.230854         0.140768322113    
0.312160E-01       149.755724          508.376927         0.294576161743    
0.313200E-01       174.539073          506.520377         0.344584503750    
0.314240E-01       93.4220507          504.661323         0.185118308777    
0.315280E-01       10.6947918          502.799884         0.212704738206E-01
0.316320E-01       23.1179972          500.936178         0.461495859190E-01
0.317360E-01       80.6972767          499.070319         0.161695203164    
0.318400E-01       97.8710130          497.202424         0.196843394659    
0.319440E-01       72.3788548          495.332607         0.146121724661    
0.320480E-01       42.1646062          493.460980         0.854466876490E-01
0.321520E-01       24.3733693          491.587655         0.495809221586E-01
0.322560E-01       18.8578776          489.712743         0.385080392669E-01
0.323600E-01       18.4498171          487.836355         0.378196847050E-01
0.324640E-01       16.3300915          485.958598         0.336038739679E-01
0.325680E-01       15.0421256          484.079581         0.310736626307E-01
0.326720E-01       16.9324963          482.199410         0.351151327914E-01
0.327760E-01       17.5649593          480.318191         0.365694234276E-01
0.328800E-01       16.7777662          478.436028         0.350679404881E-01
0.329840E-01       18.0608186          476.553025         0.378988647194E-01
0.330880E-01       19.1040253          474.669284         0.402470224288E-01
0.331920E-01       17.3587168          472.784907         0.367158861135E-01
0.332960E-01       15.3265435          470.899993         0.325473427456E-01
0.334000E-01       13.9180917          469.014644         0.296751752028E-01
0.335040E-01       11.3332676          467.128956         0.242615395103E-01
0.336080E-01       8.08017257          465.243027         0.173676381972E-01
0.337120E-01       5.78060136          463.356954         0.124754820387E-01
0.338160E-01       4.26609729          461.470832         0.924456541484E-02
0.339200E-01       2.74351039          459.584755         0.596954176325E-02
0.340240E-01       1.29345401          457.698816         0.282599378113E-02
0.341280E-01       1.25947204          455.813108         0.276313256925E-02
0.342320E-01       4.63939056          453.927722         0.102205490741E-01
0.343360E-01       11.2907375          452.042749         0.249771453874E-01
0.344400E-01       17.2102440          450.158277         0.382315396294E-01
0.345440E-01       18.7948331          448.274396         0.419270725540E-01
0.346480E-01       18.0286771          446.391192         0.403876183964E-01
0.347520E-01       18.3440589          444.508752         0.412681614070E-01
0.348560E-01       17.7314591          442.627161         0.400595821796E-01
0.349600E-01       13.2811247          440.746504         0.301332501507E-01
0.350640E-01       7.83041865          438.866865         0.178423555673E-01
0.351680E-01       6.35146529          436.988325         0.145346338041E-01
0.352720E-01       12.9860110          435.110967         0.298452854619E-01
0.353760E-01       29.6233785          433.234872         0.683771793939E-01
0.354800E-01       48.7087468          431.360118         0.112918985436    
0.355840E-01       59.2842993          429.486784         0.138035211950    
0.356880E-01       63.7678878          427.614950         0.149124551908    
0.357920E-01       69.1558751          425.744690         0.162435085286    
0.358960E-01       70.7504273          423.876083         0.166912996967    
0.360000E-01       66.3704480          422.009202         0.157272513788    
0.361040E-01       64.2960280          420.144121         0.153033268108    
0.362080E-01       64.1822558          418.280915         0.153442945743    
0.363120E-01       59.8345356          416.419655         0.143688067825    
0.364160E-01       55.8344520          414.560413         0.134683511095    
0.365200E-01       54.5756097          412.703259         0.132239347453    
0.366240E-01       49.2188676          410.848264         0.119798163798    
0.367280E-01       40.8899782          408.995495         0.999765980129E-01
0.368320E-01       32.8387117          407.145021         0.806560561697E-01
0.369360E-01       19.3071659          405.296910         0.476370913010E-01
0.370400E-01       4.90059512          403.451226         0.121466854175E-01
0.371440E-01       4.73166151          401.608035         0.117817899457E-01
0.372480E-01       16.9088500          399.767402         0.422967203171E-01
0.373520E-01       27.8121087          397.929391         0.698920694636E-01
0.374560E-01       32.3172009          396.094064         0.815897127118E-01
0.375600E-01       29.0287778          394.261483         0.736282367649E-01
0.376640E-01       19.7874024          392.431710         0.504225368855E-01
0.377680E-01       11.9340902          390.604803         0.305528505111E-01
0.378720E-01       5.73970721          388.780824         0.147633495782E-01
0.379760E-01       5.09871497          386.959830         0.131763417683E-01
0.380800E-01       29.8866842          385.141879         0.775991545761E-01
0.381840E-01       77.2237292          383.327028         0.201456520337    
0.382880E-01       108.658084          381.515334         0.284806597989    
0.383920E-01       109.765987          379.706851         0.289080870504    
0.384960E-01       105.419722          377.901634         0.278960745842    
0.386000E-01       106.620868          376.099738         0.283490938439    
0.387040E-01       102.424734          374.301214         0.273642536336    
0.388080E-01       87.7539707          372.506116         0.235577261559    
0.389120E-01       59.7467817          370.714494         0.161166565172    
0.390160E-01       23.2509291          368.926400         0.630232183666E-01
0.391200E-01       5.19048682          367.141882         0.141375502726E-01
0.392240E-01       20.6424115          365.360991         0.564986740421E-01
0.393280E-01       48.7279342          363.583775         0.134021201198    
0.394320E-01       70.3067814          361.810280         0.194319468616    
0.395360E-01       87.1035571          360.040555         0.241927071434    
0.396400E-01       98.5103037          358.274645         0.274957508270    
0.397440E-01       102.401736          356.512596         0.287231748496    
0.398480E-01       105.527844          354.754452         0.297467285263    
0.399520E-01       109.231194          353.000258         0.309436584589    
0.400560E-01       109.113842          351.250055         0.310644342213    
0.401600E-01       108.822120          349.503888         0.311361685954    
0.402640E-01       110.971316          347.761798         0.319101512893    
0.403680E-01       110.516695          346.023826         0.319390419845    
0.404720E-01       107.636935          344.290013         0.312634498708    
0.405760E-01       105.861685          342.560397         0.309030716163    
0.406800E-01       101.921647          340.835018         0.299035139338    
0.407840E-01       93.8045286          339.113916         0.276616571209    
0.408880E-01       85.0623839          337.397126         0.252113540348    
0.409920E-01       75.3651020          335.684686         0.224511587929    
0.410960E-01       62.6127541          333.976634         0.187476451303    
0.412000E-01       52.0988926          332.273003         0.156795442578    
0.413040E-01       51.5442378          330.573830         0.155923528183    
0.414080E-01       60.4773685          328.879148         0.183889337024    
0.415120E-01       70.3383869          327.188992         0.214977853013    
0.416160E-01       74.3637677          325.503394         0.228457733974    
0.417200E-01       73.0345844          323.822387         0.225539021929    
0.418240E-01       66.2217582          322.146003         0.205564426026    
0.419280E-01       49.3215518          320.474273         0.153901751320    
0.420320E-01       25.4235197          318.807227         0.797457446070E-01
0.421360E-01       7.54097174          317.144896         0.237776859530E-01
0.422400E-01       1.36821527          315.487309         0.433683141994E-02
0.423440E-01      0.931236022          313.834495         0.296728383224E-02
0.424480E-01       1.96133407          312.186481         0.628257206775E-02
0.425520E-01       4.60774226          310.543296         0.148376806596E-01
0.426560E-01       7.45983350          308.904966         0.241492831689E-01
0.427600E-01       10.1864342          307.271518         0.331512476713E-01
0.428640E-01       15.7796983          305.642978         0.516278779005E-01
0.429680E-01       24.1048411          304.019370         0.792871883018E-01
0.430720E-01       30.2776727          302.400720         0.100124340380    
0.431760E-01       33.6190645          300.787052         0.111770318186    
0.432800E-01       39.6025025          299.178389         0.132370866355    
0.433840E-01       48.1445201          297.574754         0.161789666006    
0.434880E-01       55.1835122          295.976170         0.186445794982    
0.435920E-01       69.1309781          294.382658         0.234833731874    
0.436960E-01       94.4623186          292.794240         0.322623555012    
0.438000E-01       100.870387          291.210937         0.346382550821    
0.439040E-01       61.4588677          289.632769         0.212195836559    
0.440080E-01       11.4837579          288.059756         0.398658878840E-01
0.441120E-01       2.96887183          286.491917         0.103628467613E-01
0.442160E-01       25.6105324          284.929271         0.898838239685E-01
0.443200E-01       38.1037038          283.371835         0.134465388102    
0.444240E-01       35.8379233          281.819629         0.127166171556    
0.445280E-01       34.2397771          280.272669         0.122165950651    
0.446320E-01       32.8851859          278.730972         0.117981814693    
0.447360E-01       26.6224219          277.194553         0.960423701280E-01
0.448400E-01       17.5115408          275.663430         0.635250778125E-01
0.449440E-01       14.4631076          274.137616         0.527585662958E-01
0.450480E-01       30.5033249          272.617128         0.111890713211    
0.451520E-01       59.5164829          271.101979         0.219535405841    
0.452560E-01       72.9531236          269.592183         0.270605485933    
0.453600E-01       62.5502466          268.087753         0.233320045068    
0.454640E-01       47.6199813          266.588703         0.178627154157    
0.455680E-01       34.2964166          265.095044         0.129374039071    
0.456720E-01       18.0387144          263.606790         0.684303858583E-01
0.457760E-01       10.7290739          262.123951         0.409312991578E-01
0.458800E-01       19.9877623          260.646539         0.766853161760E-01
0.459840E-01       31.3727054          259.174565         0.121048550392    
0.460880E-01       34.1792767          257.708038         0.132627903326    
0.461920E-01       30.7702007          256.246969         0.120080252446    
0.462960E-01       22.3206710          254.791367         0.876037178594E-01
0.464000E-01       12.6339772          253.341240         0.498694060489E-01
0.465040E-01       9.26808153          251.896599         0.367931983402E-01
0.466080E-01       10.3727663          250.457450         0.414152832464E-01
0.467120E-01       9.88319472          249.023803         0.396877511953E-01
0.468160E-01       8.92106310          247.595663         0.360307729179E-01
0.469200E-01       8.87695400          246.173038         0.360598141331E-01
0.470240E-01       8.17174844          244.755935         0.333873351842E-01
0.471280E-01       8.11153694          243.344360         0.333335728413E-01
0.472320E-01       9.35534028          241.938318         0.386682867830E-01
0.473360E-01       9.56817895          240.537816         0.397782731402E-01
0.474400E-01       9.06984262          239.142858         0.379264624354E-01
0.475440E-01       9.32651008          237.753449         0.392276541907E-01
0.476480E-01       9.39319817          236.369593         0.397394522588E-01
0.477520E-01       9.31804815          234.991295         0.396527375700E-01
0.478560E-01       9.81938465          233.618558         0.420316979491E-01
0.479600E-01       9.54239536          232.251384         0.410864950913E-01
0.480640E-01       8.21412332          230.889778         0.355759504966E-01
0.481680E-01       7.14428719          229.533742         0.311252155207E-01
0.482720E-01       5.76506510          228.183277         0.252650639852E-01
0.483760E-01       3.44784225          226.838387         0.151995537260E-01
0.484800E-01       1.52945724          225.499071         0.678254340078E-02
0.485840E-01      0.639295798          224.165333         0.285189413766E-02
0.486880E-01      0.309312578          222.837172         0.138806544780E-02
0.487920E-01      0.575578834          221.514589         0.259837890427E-02
0.488960E-01       1.24216166          220.197584         0.564112301485E-02
0.490000E-01       1.73083409          218.886157         0.790746252741E-02
0.491040E-01       1.78239084          217.580309         0.819187568879E-02
0.492080E-01       1.14130207          216.280037         0.527696445814E-02
0.493120E-01      0.257015150          214.985342         0.119550080555E-02
0.494160E-01      0.604056411          213.696222         0.282670608456E-02
0.495200E-01       2.62516377          212.412675         0.123587905789E-01
0.496240E-01       5.04876625          211.134700         0.239125365928E-01
0.497280E-01       6.62004080          209.862294         0.315446889530E-01
0.498320E-01       7.19991719          208.595456         0.345161747308E-01
0.499360E-01       7.57811846          207.334181         0.365502611726E-01
0.500400E-01       8.19179889          206.078467         0.397508725588E-01
0.501440E-01       8.29335615          204.828312         0.404893057928E-01
0.502480E-01       7.50204172          203.583711         0.368499115079E-01
0.503520E-01       6.38903635          202.344660         0.315750183625E-01
0.504560E-01       4.85307415          201.111156         0.241313025591E-01
0.505600E-01       3.03614350          199.883194         0.151895887059E-01
0.506640E-01       2.64948053          198.660769         0.133367072873E-01
0.507680E-01       4.07836723          197.443877         0.206558303416E-01
0.508720E-01       5.22828878          196.232513         0.266433359817E-01
0.509760E-01       5.10124257          195.026671         0.261566407205E-01
0.510800E-01       4.61261201          193.826346         0.237976524416E-01
0.511840E-01       4.11701563          192.631531         0.213724908399E-01
0.512880E-01       3.45603679          191.442221         0.180526362741E-01
0.513920E-01       2.90219555          190.258410         0.152539672323E-01
0.514960E-01       2.49550960          189.080090         0.131981616711E-01
0.516000E-01       2.08739134          187.907256         0.111086255655E-01
0.517040E-01       1.82955534          186.739899         0.979734567918E-02
0.518080E-01       1.72770177          185.578014         0.930984082637E-02
0.519120E-01       1.63516042          184.421592         0.886642612749E-02
0.520160E-01       1.63333107          183.270626         0.891212688077E-02
0.521200E-01       1.75929472          182.125108         0.965981428267E-02
0.522240E-01       1.86970924          180.985029         0.103307397867E-01
0.523280E-01       1.92742421          179.850383         0.107168201699E-01
0.524320E-01       2.04285346          178.721160         0.114303950673E-01
0.525360E-01       2.19503022          177.597351         0.123595887190E-01
0.526400E-01       2.20095243          176.478948         0.124714729719E-01
0.527440E-01       2.45599481          175.365942         0.140049703152E-01
0.528480E-01       3.86126887          174.258322         0.221583039222E-01
0.529520E-01       5.82966640          173.156081         0.336671190549E-01
0.530560E-01       6.18637686          172.059208         0.359549303596E-01
0.531600E-01       4.38149854          170.967694         0.256276401106E-01
0.532640E-01       2.27589248          169.881528         0.133969390313E-01
0.533680E-01       1.24111944          168.800701         0.735257280561E-02
0.534720E-01       1.04396462          167.725201         0.622425618650E-02
0.535760E-01       1.10311795          166.655020         0.661917028621E-02
0.536800E-01       1.15723098          165.590145         0.698852568062E-02
0.537840E-01       1.33170841          164.530566         0.809398788664E-02
0.538880E-01       1.73307695          163.476272         0.106013975546E-01
0.539920E-01       2.06931217          162.427252         0.127399322019E-01
0.540960E-01       2.35686829          161.383494         0.146041470834E-01
0.542000E-01       2.86073929          160.344988         0.178411519463E-01
0.543040E-01       3.27523478          159.311721         0.205586554539E-01
0.544080E-01       3.50467672          158.283682         0.221417437756E-01
0.545120E-01       3.68543303          157.260858         0.234351577893E-01
0.546160E-01       3.26509889          156.243239         0.208975371834E-01
0.547200E-01       3.20905153          155.230811         0.206727744046E-01
0.548240E-01       6.44274260          154.223562         0.417753457172E-01
0.549280E-01       12.6863623          153.221479         0.827975449088E-01
0.550320E-01       17.9943835          152.224551         0.118209469971    
0.551360E-01       20.6877639          151.232765         0.136794192506    
0.552400E-01       21.7859029          150.246106         0.145001447703    
0.553440E-01       21.7158159          149.264564         0.145485407687    
0.554480E-01       21.1051852          148.288123         0.142325526565    
0.555520E-01       20.7284304          147.316772         0.140706520172    
0.556560E-01       20.0368535          146.350497         0.136910048137    
0.557600E-01       19.2166665          145.389284         0.132173885127    
0.558640E-01       19.2150159          144.433119         0.133037464144    
0.559680E-01       19.1625056          143.481990         0.133553386073    
0.560720E-01       18.5697407          142.535881         0.130281165013    
0.561760E-01       18.6383508          141.594780         0.131631623302    
0.562800E-01       18.9021504          140.658673         0.134383114081    
0.563840E-01       18.5089209          139.727544         0.132464368545    
0.564880E-01       18.7834549          138.801380         0.135326139649    
0.565920E-01       19.7326875          137.880167         0.143114764236    
0.566960E-01       20.0919330          136.963889         0.146695111114    
0.568000E-01       21.0275342          136.052534         0.154554520958    
0.569040E-01       23.0366301          135.146085         0.170457250820    
0.570080E-01       24.5072726          134.244528         0.182556957647    
0.571120E-01       26.3514158          133.347849         0.197614105129    
0.572160E-01       29.7209244          132.456032         0.224383321412    
0.573200E-01       32.6093111          131.569063         0.247849383086    
0.574240E-01       35.1306565          130.686926         0.268815385929    
0.575280E-01       39.0493942          129.809607         0.300820525939    
0.576320E-01       42.0368951          128.937089         0.326026400320    
0.577360E-01       42.5145086          128.069359         0.331964717618    
0.578400E-01       42.5726834          127.206400         0.334674068778    
0.579440E-01       41.1691598          126.348197         0.325838918450    
0.580480E-01       36.8073204          125.494734         0.293297727753    
0.581520E-01       32.8175101          124.645997         0.263285712850    
0.582560E-01       29.5514900          123.801968         0.238699678649    
0.583600E-01       24.0871158          122.962633         0.195889719753    
0.584640E-01       19.2392101          122.127976         0.157533193934    
0.585680E-01       16.8306119          121.297981         0.138754262963    
0.586720E-01       12.4783548          120.472631         0.103578336547    
0.587760E-01       7.47066830          119.651912         0.624366812007E-01
0.588800E-01       5.59071910          118.835807         0.470457453101E-01
0.589840E-01       2.52407541          118.024300         0.213860656089E-01
0.590880E-01       2.28206585          117.217374         0.194686655592E-01
0.591920E-01       19.8697385          116.415014         0.170680205449    
0.592960E-01       46.4542939          115.617203         0.401793959802    
0.594000E-01       52.1792650          114.823926         0.454428505895    
0.595040E-01       35.3058168          114.035165         0.309604645817    
0.596080E-01       21.9072194          113.250904         0.193439686224    
0.597120E-01       19.8511326          112.471128         0.176499809207    
0.598160E-01       17.8401378          111.695819         0.159720730766    
0.599200E-01       14.8327200          110.924961         0.133718505324    
0.600240E-01       15.4221864          110.158537         0.139999919771    
0.601280E-01       16.0570724          109.396532         0.146778624511    
0.602320E-01       14.6161341          108.638927         0.134538645988    
0.603360E-01       14.2343708          107.885707         0.131939356457    
0.604400E-01       14.4325180          107.136855         0.134711047698    
0.605440E-01       13.4324355          106.392354         0.126253766900    
0.606480E-01       13.0776946          105.652188         0.123780632567    
0.607520E-01       13.6707138          104.916339         0.130301094815    
0.608560E-01       12.9924267          104.184791         0.124705597997    
0.609600E-01       11.1944980          103.457527         0.108203803790    
0.610640E-01       9.42500114          102.734530         0.917413173796E-01
0.611680E-01       7.29943999          102.015784         0.715520650857E-01
0.612720E-01       5.11545541          101.301270         0.504974457310E-01
0.613760E-01       3.82296926          100.590974         0.380050924548E-01
0.614800E-01       3.00388290          99.8848765         0.300734505957E-01
0.615840E-01       2.13437942          99.1829617         0.215196176950E-01
0.616880E-01       1.57743388          98.4852126         0.160169617043E-01
0.617920E-01       1.30029973          97.7916119         0.132966386509E-01
0.618960E-01       1.00366937          97.1021429         0.103362226258E-01
0.620000E-01      0.853316899          96.4167884         0.885029374230E-02
