# ort(start) =    -6.7060
#   klo  khi step start
#%   24 1094    1   24

# Energy[ev]             flux               DELTA(E)           Probability
0.100000E-02       180.875275          1502.25201         0.120402750867    
0.103800E-02       234.875467          1492.90611         0.157327688359    
0.107600E-02       300.172827          1484.11390         0.202257270862    
0.111400E-02       372.759242          1475.82375         0.252577072294    
0.115200E-02       445.912557          1467.99019         0.303757177573    
0.119000E-02       510.936031          1460.57300         0.349818892772    
0.122800E-02       558.549837          1453.53648         0.384269567865    
0.126600E-02       580.729046          1446.84883         0.401375068255    
0.130400E-02       572.635749          1440.48159         0.397530765771    
0.134200E-02       534.212423          1434.40926         0.372426779861    
0.138000E-02       471.019395          1428.60890         0.329704928138    
0.141800E-02       394.019604          1423.05980         0.276881973097    
0.145600E-02       318.220852          1417.74322         0.224455915491    
0.149400E-02       260.336872          1412.64218         0.184290739268    
0.153200E-02       235.866012          1407.74124         0.167549266348    
0.157000E-02       256.150719          1403.02633         0.182570144809    
0.160800E-02       326.026892          1398.48459         0.233128699213    
0.164600E-02       442.580844          1394.10426         0.317466099971    
0.168400E-02       595.317478          1389.87458         0.428324602100    
0.172200E-02       767.751836          1385.78564         0.554019188285    
0.176000E-02       940.133584          1381.82833         0.680354835011    
0.179800E-02       1092.77097          1377.99425         0.793015622531    
0.183600E-02       1209.29464          1374.27565         0.879950564341    
0.187400E-02       1279.22199          1370.66538         0.933285402736    
0.191200E-02       1299.34318          1367.15678         0.950398077295    
0.195000E-02       1273.71112          1363.74372         0.933981291545    
0.198800E-02       1212.31639          1360.42048         0.891133593358    
0.202600E-02       1128.79414          1357.18175         0.831719216310    
0.206400E-02       1037.68481          1354.02259         0.766371860583    
0.210200E-02       951.819216          1350.93839         0.704561526891    
0.214000E-02       880.320193          1347.92486         0.653092926448    
0.217800E-02       827.535850          1344.97799         0.615278359051    
0.221600E-02       792.993976          1342.09402         0.590863207526    
0.225400E-02       772.249855          1339.26944         0.576620231133    
0.229200E-02       758.339042          1336.50097         0.567406279452    
0.233000E-02       743.471277          1333.78552         0.557414417058    
0.236800E-02       720.615267          1331.12020         0.541360027879    
0.240600E-02       684.708213          1328.50228         0.515398596475    
0.244400E-02       633.345743          1325.92923         0.477661800557    
0.248200E-02       566.931651          1323.39862         0.428390690554    
0.252000E-02       488.364156          1320.90821         0.369718465337    
0.255800E-02       402.391667          1318.45585         0.305199196302    
0.259600E-02       314.786915          1316.03955         0.239192595437    
0.263400E-02       231.475529          1313.65739         0.176206924897    
0.267200E-02       157.729587          1311.30759         0.120284201735    
0.271000E-02       97.5114954          1308.98847         0.744937771948E-01
0.274800E-02       53.0341078          1306.69842         0.405863412523E-01
0.278600E-02       24.5864086          1304.43592         0.188483068809E-01
0.282400E-02       10.6524518          1302.19956         0.818035282717E-02
0.286200E-02       8.31731937          1299.98797         0.639799719962E-02
0.290000E-02       13.9064180          1297.79987         0.107153794294E-01
0.293800E-02       23.7512867          1295.63404         0.183317865759E-01
0.297600E-02       34.9317398          1293.48933         0.270058198097E-01
0.301400E-02       45.8287999          1291.36465         0.354886590946E-01
0.305200E-02       56.3489546          1289.25896         0.437064673921E-01
0.309000E-02       67.7498789          1287.17127         0.526347042689E-01
0.312800E-02       82.0981514          1285.10064         0.638846086915E-01
0.316600E-02       101.494845          1283.04618         0.791045917766E-01
0.320400E-02       127.283109          1281.00706         0.993617548717E-01
0.324200E-02       159.474800          1278.98245         0.124688810417    
0.328000E-02       196.586602          1276.97160         0.153947512749    
0.331800E-02       235.966342          1274.97378         0.185075446595    
0.335600E-02       274.544608          1272.98830         0.215669389208    
0.339400E-02       309.807097          1271.01448         0.243747889027    
0.343200E-02       340.693563          1269.05171         0.268463104779    
0.347000E-02       368.122508          1267.09939         0.290523782359    
0.350800E-02       394.926719          1265.15694         0.312156307882    
0.354600E-02       425.145376          1263.22382         0.336555857711    
0.358400E-02       462.810979          1261.29951         0.366931863642    
0.362200E-02       510.538199          1259.38351         0.405387393916    
0.366000E-02       568.313967          1257.47536         0.451948393828    
0.369800E-02       632.870538          1255.57459         0.504048538038    
0.373600E-02       697.893031          1253.68079         0.556675221185    
0.377400E-02       755.100501          1251.79354         0.603214888575    
0.381200E-02       796.000976          1249.91245         0.636845386099    
0.385000E-02       813.922559          1248.03714         0.652162128432    
0.388800E-02       805.821926          1246.16727         0.646640260876    
0.392600E-02       773.400199          1244.30248         0.621553210832    
0.396400E-02       723.210123          1242.44245         0.582087423291    
0.400200E-02       665.678653          1240.58687         0.536583667214    
0.404000E-02       613.232310          1238.73545         0.495047033678    
0.407800E-02       577.929282          1236.88790         0.467244672766    
0.411600E-02       569.116247          1235.04395         0.460806474307    
0.415400E-02       591.612244          1233.20334         0.479736168923    
0.419200E-02       644.785545          1231.36582         0.523634434208    
0.423000E-02       722.673602          1229.53116         0.587763551119    
0.426800E-02       815.060983          1227.69914         0.663893098622    
0.430600E-02       909.236999          1225.86953         0.741707808661    
0.434400E-02       992.048146          1224.04213         0.810468956975    
0.438200E-02       1051.85672          1222.21674         0.860613901459    
0.442000E-02       1080.10171          1220.39319         0.885044032443    
0.445800E-02       1072.29332          1218.57128         0.879959461386    
0.449600E-02       1028.41126          1216.75084         0.845211047987    
0.453400E-02       952.778115          1214.93172         0.784223587182    
0.457200E-02       853.523087          1213.11376         0.703580417342    
0.461000E-02       741.739776          1211.29681         0.612351795311    
0.464800E-02       630.401860          1209.48072         0.521216954815    
0.468600E-02       533.064844          1207.66537         0.441401118028    
0.472400E-02       462.381836          1205.85062         0.383448687160    
0.476200E-02       428.508279          1204.03634         0.355893143770    
0.480000E-02       437.553733          1202.22243         0.363954057960    
0.483800E-02       490.325743          1200.40877         0.408465644668    
0.487600E-02       581.659372          1198.59525         0.485284227900    
0.491400E-02       700.599111          1196.78178         0.585402554756    
0.495200E-02       831.581538          1194.96825         0.695902621939    
0.499000E-02       956.570770          1193.15457         0.801715712721    
0.502800E-02       1057.86732          1191.34067         0.887963745025    
0.506600E-02       1121.10663          1189.52644         0.942481474358    
0.510400E-02       1137.84964          1187.71182         0.958018281910    
0.514200E-02       1107.18913          1185.89673         0.933630308942    
0.518000E-02       1035.96389          1184.08110         0.874909571827    
0.521800E-02       937.457265          1182.26486         0.792933374242    
0.525600E-02       828.794483          1180.44795         0.702101675695    
0.529400E-02       727.558951          1178.63031         0.617291908719    
0.533200E-02       648.342899          1176.81187         0.550931643050    
0.537000E-02       599.976996          1174.99260         0.510621936980    
0.540800E-02       584.035080          1173.17243         0.497825439428    
0.544600E-02       594.917448          1171.35132         0.507889852877    
0.548400E-02       621.451242          1169.52922         0.531368718294    
0.552200E-02       649.600146          1167.70609         0.556304493903    
0.556000E-02       665.633867          1165.88189         0.570927356059    
0.559800E-02       659.028518          1164.05659         0.566148178434    
0.563600E-02       624.467346          1162.23015         0.537300936757    
0.567400E-02       562.556475          1160.40253         0.484794252032    
0.571200E-02       479.195231          1158.57370         0.413607895535    
0.575000E-02       383.860308          1156.74365         0.331845615510    
0.578800E-02       287.298070          1154.91233         0.248761799184    
0.582600E-02       199.216190          1153.07973         0.172768789720    
0.586400E-02       126.509760          1151.24583         0.109889439919    
0.590200E-02       72.3736140          1149.41060         0.629658486332E-01
0.594000E-02       36.3985082          1147.57403         0.317177866334E-01
0.597800E-02       15.4946884          1145.73610         0.135237848198E-01
0.601600E-02       5.29748784          1143.89679         0.463108901852E-02
0.605400E-02       1.62845913          1142.05609         0.142590118885E-02
0.609200E-02       1.62296464          1140.21398         0.142338601958E-02
0.613000E-02       4.26961978          1138.37047         0.375064173017E-02
0.616800E-02       10.2934462          1136.52553         0.905694234237E-02
0.620600E-02       21.4985283          1134.67916         0.189467904760E-01
0.624400E-02       39.8189351          1132.83135         0.351499231986E-01
0.628200E-02       66.3787403          1130.98211         0.586912382593E-01
0.632000E-02       100.827970          1129.13141         0.892969311314E-01
0.635800E-02       141.119682          1127.27927         0.125186088276    
0.639600E-02       183.758762          1125.42568         0.163279340133    
0.643400E-02       224.425073          1123.57063         0.199742737229    
0.647200E-02       258.785725          1121.71413         0.230705593659    
0.651000E-02       283.282066          1119.85619         0.252962898324    
0.654800E-02       295.707258          1117.99679         0.264497412272    
0.658600E-02       295.464313          1116.13595         0.264720720576    
0.662400E-02       283.486969          1114.27367         0.254414132459    
0.666200E-02       261.889515          1112.40995         0.235425361448    
0.670000E-02       233.465733          1110.54481         0.210226306910    
0.673800E-02       201.171452          1108.67824         0.181451610925    
0.677600E-02       167.702373          1106.81025         0.151518630206    
0.681400E-02       135.231260          1104.94086         0.122387780908    
0.685200E-02       105.313844          1103.07007         0.954733951909E-01
0.689000E-02       78.9276930          1101.19789         0.716743956922E-01
0.692800E-02       56.5839717          1099.32432         0.514715907417E-01
0.696600E-02       38.4517336          1097.44940         0.350373636992E-01
0.700400E-02       24.4531620          1095.57311         0.223199728046E-01
0.704200E-02       14.3161253          1093.69548         0.130896813550E-01
0.708000E-02       7.59596278          1091.81652         0.695717886265E-02
0.711800E-02       3.69275852          1089.93623         0.338805006104E-02
0.715600E-02       1.88978021          1088.05464         0.173684311205E-02
0.719400E-02       1.42546023          1086.17176         0.131237091315E-02
0.723200E-02       1.59201354          1084.28761         0.146825761612E-02
0.727000E-02       1.83701557          1082.40219         0.169716542549E-02
0.730800E-02       1.83706662          1080.51552         0.170017605658E-02
0.734600E-02       1.51815893          1078.62763         0.140749123081E-02
0.738400E-02       1.01367518          1076.73852         0.941431148844E-03
0.742200E-02      0.572021006          1074.84821         0.532187708598E-03
0.746000E-02      0.443735416          1072.95672         0.413563201251E-03
0.749800E-02      0.785562745          1071.06407         0.733441413031E-03
0.753600E-02       1.61307384          1069.17027         0.150871556877E-02
0.757400E-02       2.81564115          1067.27535         0.263815813500E-02
0.761200E-02       4.22410618          1065.37932         0.396488472403E-02
0.765000E-02       5.70098859          1063.48219         0.536068080535E-02
0.768800E-02       7.21359462          1061.58400         0.679512372055E-02
0.772600E-02       8.85623709          1059.68475         0.835742615776E-02
0.776400E-02       10.8077756          1057.78448         0.102173701650E-01
0.780200E-02       13.2380945          1055.88319         0.125374612065E-01
0.784000E-02       16.2017572          1053.98090         0.153719646852E-01
0.787800E-02       19.5687441          1052.07765         0.186000949749E-01
0.791600E-02       23.0346000          1050.17344         0.219340912064E-01
0.795400E-02       26.2258118          1048.26830         0.250182246176E-01
0.799200E-02       28.8784326          1046.36225         0.275988861466E-01
0.803000E-02       31.0318087          1044.45531         0.297109971848E-01
0.806800E-02       33.1589532          1042.54750         0.318057001742E-01
0.810600E-02       36.1610341          1040.63884         0.347488797705E-01
0.814400E-02       41.1879511          1038.72936         0.396522448877E-01
0.818200E-02       49.3024029          1036.81908         0.475515970158E-01
0.822000E-02       61.0649407          1034.90801         0.590051871409E-01
0.825800E-02       76.1619272          1032.99618         0.737291470069E-01
0.829600E-02       93.2092164          1031.08361         0.903992802527E-01
0.833400E-02       109.832773          1029.17033         0.106719724137    
0.837200E-02       123.057498          1027.25635         0.119792394892    
0.841000E-02       129.944628          1025.34170         0.126732998733    
0.844800E-02       128.332780          1023.42640         0.125395221320    
0.848600E-02       117.485830          1021.51047         0.115011870858    
0.852400E-02       98.4527549          1019.59394         0.965607496526E-01
0.856200E-02       74.0055872          1017.67682         0.727201264526E-01
0.860000E-02       48.1291487          1015.75915         0.473824417899E-01
0.863800E-02       25.1616507          1013.84094         0.248181443507E-01
0.867600E-02       8.79226856          1011.92221         0.868868029068E-02
0.871400E-02       1.17671456          1010.00299         0.116506046535E-02
0.875200E-02       2.41468435          1008.08331         0.239532222981E-02
0.879000E-02       10.5445828          1006.16318         0.104799927557E-01
0.882800E-02       22.0736904          1004.24262         0.219804357009E-01
0.886600E-02       32.9143977          1002.32167         0.328381584450E-01
0.890400E-02       39.4825358          1000.40034         0.394667358480E-01
0.894200E-02       39.6668817          998.478650         0.397273208167E-01
0.898000E-02       33.4147158          996.556634         0.335301724666E-01
0.901800E-02       22.7870085          994.634309         0.229099360869E-01
0.905600E-02       11.4861162          992.711700         0.115704450929E-01
0.909400E-02       4.00372908          990.788828         0.404095097369E-02
0.913200E-02       4.63351445          988.865716         0.468568621245E-02
0.917000E-02       16.6130486          986.942389         0.168328453355E-01
0.920800E-02       41.5993651          985.018868         0.422320490509E-01
0.924600E-02       79.5638769          983.095176         0.809320184407E-01
0.928400E-02       129.056373          981.171337         0.131532962882    
0.932200E-02       187.680253          979.247373         0.191657652740    
0.936000E-02       252.577723          977.323306         0.258438247899    
0.939800E-02       320.757222          975.399161         0.328847138059    
0.943600E-02       389.191253          973.474959         0.399795854162    
0.947400E-02       454.733627          971.550723         0.468049290630    
0.951200E-02       514.003529          969.626476         0.530104676519    
0.955000E-02       563.419085          967.702240         0.582223602473    
0.958800E-02       599.516785          965.778039         0.620760423691    
0.962600E-02       619.576548          963.853894         0.642811687096    
0.966400E-02       622.424553          961.929828         0.647058168169    
0.970200E-02       609.162101          960.005864         0.634539979073    
0.974000E-02       583.520198          958.082024         0.609050356043    
0.977800E-02       551.595982          956.158329         0.576887703209    
0.981600E-02       520.883711          954.234803         0.545865346267    
0.985400E-02       498.728775          952.311468         0.523703422330    
0.989200E-02       490.542161          950.388345         0.516149175975    
0.993000E-02       498.243825          948.465457         0.525315731181    
0.996800E-02       519.404235          946.542825         0.548738230039    
0.100060E-01       547.409161          944.620473         0.579501690574    
0.100440E-01       572.714298          942.698420         0.607526528214    
0.100820E-01       584.953303          940.776690         0.621776994882    
0.101200E-01       575.404310          938.855304         0.612878584812    
0.101580E-01       539.187230          936.934283         0.575480308493    
0.101960E-01       476.604457          935.013649         0.509729946115    
0.102340E-01       393.247866          933.093423         0.421445330862    
0.102720E-01       298.820196          931.173627         0.320907065622    
0.103100E-01       204.967099          929.254283         0.220571594775    
0.103480E-01       122.685842          927.335410         0.132299317666    
0.103860E-01       59.9874908          925.417031         0.648221167067E-01
0.104240E-01       20.4078231          923.499166         0.220983666118E-01
0.104620E-01       2.71224969          921.581837         0.294303726830E-02
0.105000E-01       1.79678454          919.665063         0.195373795510E-02
0.105380E-01       10.4538965          917.748867         0.113908029489E-01
0.105760E-01       21.4483580          915.833268         0.234195009140E-01
0.106140E-01       29.2986289          913.918287         0.320582587857E-01
0.106520E-01       31.2935052          912.003944         0.343129055586E-01
0.106900E-01       27.5436819          910.090261         0.302647804489E-01
0.107280E-01       20.1835497          908.177256         0.222242404075E-01
0.107660E-01       12.0973609          906.264951         0.133485918409E-01
0.108040E-01       5.66398568          904.353366         0.626302272583E-02
0.108420E-01       1.96127932          902.442520         0.217330109789E-02
0.108800E-01      0.668469121          900.532433         0.742304326627E-03
0.109180E-01      0.626957230          898.623125         0.697686508099E-03
0.109560E-01      0.765753897          896.714616         0.853954963494E-03
0.109940E-01      0.958169765          894.806925         0.107081174444E-02
0.110320E-01       2.40258218          892.900073         0.269076267062E-02
0.110700E-01       7.30538108          890.994077         0.819913540668E-02
0.111080E-01       17.9251434          889.088958         0.201612484369E-01
0.111460E-01       35.3138582          887.184734         0.398044024590E-01
0.111840E-01       58.2608307          885.281425         0.658105196895E-01
0.112220E-01       82.9374774          883.379050         0.938866247908E-01
0.112600E-01       103.544703          881.477628         0.117467193940    
0.112980E-01       113.932493          879.577176         0.129530979574    
0.113360E-01       109.798229          877.677715         0.125100851459    
0.113740E-01       90.7990892          875.779262         0.103678053483    
0.114120E-01       61.8362221          873.881836         0.707603929201E-01
0.114500E-01       32.9293853          871.985455         0.377636863891E-01
0.114880E-01       17.4706921          870.090138         0.200791749410E-01
0.115260E-01       29.1257691          868.195902         0.335474620927E-01
0.115640E-01       78.0983973          866.302766         0.901513885972E-01
0.116020E-01       167.749230          864.410747         0.194061943486    
0.116400E-01       292.563247          862.519863         0.339195952649    
0.116780E-01       438.173526          860.630133         0.509131053854    
0.117160E-01       583.636332          858.741573         0.679641408285    
0.117540E-01       705.550432          856.854200         0.823419470471    
0.117920E-01       783.090236          854.968033         0.915929257669    
0.118300E-01       802.729675          853.083089         0.940974783687    
0.118680E-01       761.462338          851.199384         0.894575761695    
0.119060E-01       667.674552          849.316936         0.786131211561    
0.119440E-01       539.412175          847.435762         0.636522789490    
0.119820E-01       400.442537          845.555878         0.473584948380    
0.120200E-01       275.071563          843.677301         0.326038832974    
0.120580E-01       182.981851          841.800048         0.217369732153    
0.120960E-01       135.330243          839.924135         0.161121984013    
0.121340E-01       132.995228          838.049579         0.158696133630    
0.121720E-01       167.295032          836.176395         0.200071459375    
0.122100E-01       222.864166          834.304601         0.267125659079    
0.122480E-01       281.850047          832.434211         0.338585372022    
0.122860E-01       328.307624          830.565242         0.395282161482    
0.123240E-01       351.693148          828.697711         0.424392566770    
0.123620E-01       348.666278          826.831631         0.421689574066    
0.124000E-01       322.904470          824.967020         0.391415004629    
0.124380E-01       283.171188          823.103892         0.344028488220    
0.124760E-01       240.312956          821.242263         0.292621271822    
0.125140E-01       204.080257          819.382149         0.249066028255    
0.125520E-01       180.630187          817.523563         0.220947988259    
0.125900E-01       171.304508          815.666523         0.210017823671    
0.126280E-01       172.875676          813.811041         0.212427292382    
0.126660E-01       179.036434          811.957134         0.220499859477    
0.127040E-01       182.591639          810.104816         0.225392610189    
0.127420E-01       177.672435          808.254101         0.219822496693    
0.127800E-01       161.354954          806.405005         0.200091707345    
0.128180E-01       134.292686          804.557541         0.166914954793    
0.128560E-01       100.284817          802.711724         0.124932543321    
0.128940E-01       65.0067631          800.867568         0.811704278029E-01
0.129320E-01       34.3395810          799.025087         0.429768495885E-01
0.129700E-01       12.8024418          797.184295         0.160595760533E-01
0.130080E-01       2.51203926          795.345206         0.315842635483E-02
0.130460E-01       2.90232232          793.507834         0.365758496303E-02
0.130840E-01       11.2019573          791.672192         0.141497420645E-01
0.131220E-01       23.4564204          789.838294         0.296977502864E-01
0.131600E-01       35.7529348          788.006153         0.453713903920E-01
0.131980E-01       45.2868932          786.175783         0.576040297433E-01
0.132360E-01       50.9915726          784.347197         0.650114806568E-01
0.132740E-01       53.6043053          782.520408         0.685021179189E-01
0.133120E-01       55.2120233          780.695429         0.707215915888E-01
0.133500E-01       58.4580140          778.872274         0.750546860189E-01
0.133880E-01       65.6649272          777.050954         0.845053042126E-01
0.134260E-01       78.1241304          775.231482         0.100775229277    
0.134640E-01       95.7291017          773.413872         0.123774741050    
0.135020E-01       117.018651          771.598136         0.151657508123    
0.135400E-01       139.579521          769.784285         0.181322902269    
0.135780E-01       160.669135          767.972333         0.209212140191    
0.136160E-01       177.877913          766.162291         0.232167407341    
0.136540E-01       189.661288          764.354172         0.248132731100    
0.136920E-01       195.624381          762.547988         0.256540419440    
0.137300E-01       196.517595          760.743750         0.258322983574    
0.137680E-01       193.976902          758.941471         0.255588749948    
0.138060E-01       190.099070          757.141162         0.251074805766    
0.138440E-01       186.968667          755.342834         0.247528220372    
0.138820E-01       186.248350          753.546499         0.247162385073    
0.139200E-01       188.913308          751.752169         0.251297323570    
0.139580E-01       195.166106          749.959855         0.260235404539    
0.139960E-01       204.522341          748.169567         0.273363619058    
0.140340E-01       216.021255          746.381318         0.289424788836    
0.140720E-01       228.495309          744.595117         0.306871887641    
0.141100E-01       240.830444          742.810977         0.324214977969    
0.141480E-01       252.161992          741.028907         0.340286309811    
0.141860E-01       261.974394          739.248919         0.354379137462    
0.142240E-01       270.099630          737.471022         0.366251177058    
0.142620E-01       276.633135          735.695229         0.376015943157    
0.143000E-01       281.802289          733.921548         0.383967864429    
0.143380E-01       285.828655          732.149990         0.390396310850    
0.143760E-01       288.820908          730.380566         0.395438927524    
0.144140E-01       290.722879          728.613286         0.399008479874    
0.144520E-01       291.324108          726.848159         0.400804630593    
0.144900E-01       290.323197          725.085195         0.400398738315    
0.145280E-01       287.421423          723.324405         0.397361710713    
0.145660E-01       282.418220          721.565798         0.391396350223    
0.146040E-01       275.282473          719.809384         0.382438016685    
0.146420E-01       266.182534          718.055172         0.370699278459    
0.146800E-01       255.470567          716.303172         0.356651452790    
0.147180E-01       243.629233          714.553393         0.340953153708    
0.147560E-01       231.197247          712.805844         0.324348136164    
0.147940E-01       218.692891          711.060535         0.307558751632    
0.148320E-01       206.551125          709.317475         0.291197005677    
0.148700E-01       195.082554          707.576672         0.275705180352    
0.149080E-01       184.454361          705.838136         0.261326713878    
0.149460E-01       174.687728          704.101876         0.248100074485    
0.149840E-01       165.665134          702.367899         0.235866607369    
0.150220E-01       157.144168          700.636216         0.224287817986    
0.150600E-01       148.780080          698.906833         0.212875411895    
0.150980E-01       140.163780          697.179761         0.201043959970    
0.151360E-01       130.882357          695.455007         0.188196728823    
0.151740E-01       120.603742          693.732579         0.173847596870    
0.152120E-01       109.176854          692.012486         0.157767173544    
0.152500E-01       96.7268319          690.294736         0.140123959818    
0.152880E-01       83.7164945          688.579337         0.121578574983    
0.153260E-01       70.9446833          686.866296         0.103287471889    
0.153640E-01       59.4619350          685.155622         0.867860279440E-01
0.154020E-01       50.4031749          683.447323         0.737484414700E-01
0.154400E-01       44.7612419          681.741405         0.656572147588E-01
0.154780E-01       43.1470724          680.037878         0.634480428607E-01
0.155160E-01       45.5948298          678.336747         0.672156270457E-01
0.155540E-01       51.4677769          676.638022         0.760639740010E-01
0.155920E-01       59.5019052          674.941708         0.881585839439E-01
0.156300E-01       67.9928228          673.247813         0.100992266819    
0.156680E-01       75.0949867          671.556345         0.111822317333    
0.157060E-01       79.1710506          669.867311         0.118189153795    
0.157440E-01       79.1121551          668.180717         0.118399338772    
0.157820E-01       74.5531335          666.496570         0.111858240228    
0.158200E-01       65.9300716          664.814879         0.991705717254E-01
0.158580E-01       54.3658959          663.135648         0.819830695421E-01
0.158960E-01       41.4127219          661.458885         0.626081572996E-01
0.159340E-01       28.7159512          659.784596         0.435232216820E-01
0.159720E-01       17.6845779          658.112789         0.268716520250E-01
0.160100E-01       9.24931813          656.443469         0.140900451809E-01
0.160480E-01       3.76558089          654.776642         0.575093955711E-02
0.160860E-01       1.07844931          653.112316         0.165124631738E-02
0.161240E-01      0.722456022          651.450497         0.110899604137E-02
0.161620E-01       2.19194144          649.791190         0.337330125873E-02
0.162000E-01       5.19817006          648.134401         0.802020391581E-02
0.162380E-01       9.83250056          646.480137         0.152092848499E-01
0.162760E-01       16.5801388          644.828404         0.257124821185E-01
0.163140E-01       26.1699699          643.179207         0.406884576866E-01
0.163520E-01       39.2922193          641.532552         0.612474288014E-01
0.163900E-01       56.2553874          639.888444         0.879143667853E-01
0.164280E-01       76.6767292          638.246890         0.120136471233    
0.164660E-01       99.3002074          636.607896         0.155983311132    
0.165040E-01       122.011552          634.971465         0.192152810812    
0.165420E-01       142.076687          633.337604         0.224330098030    
0.165800E-01       156.576852          631.706319         0.247863361372    
0.166180E-01       162.963237          630.077614         0.258639940975    
0.166560E-01       159.617846          628.451494         0.253985943393    
0.166940E-01       146.294736          626.827965         0.233388974227    
0.167320E-01       124.331209          625.207031         0.198864060606    
0.167700E-01       96.5602121          623.588699         0.154845994292    
0.168080E-01       66.9155716          621.972972         0.107585979915    
0.168460E-01       39.7883597          620.359855         0.641375476020E-01
0.168840E-01       19.2510780          618.749353         0.311128858358E-01
0.169220E-01       8.30269646          617.141471         0.134534735569E-01
0.169600E-01       8.29218785          615.536213         0.134714866002E-01
0.169980E-01       18.6479791          613.933584         0.303745871169E-01
0.170360E-01       36.9804952          612.333589         0.603927268162E-01
0.170740E-01       59.5468335          610.736231         0.975000834725E-01
0.171120E-01       81.9877073          609.141516         0.134595500710    
0.171500E-01       100.185402          607.549447         0.164900819667    
0.171880E-01       111.062644          605.960028         0.183283778897    
0.172260E-01       113.153824          604.373264         0.187225065365    
0.172640E-01       106.830252          602.789159         0.177226565710    
0.173020E-01       94.1388503          601.207717         0.156582904240    
0.173400E-01       78.3005551          599.628941         0.130581681003    
0.173780E-01       62.9898852          598.052836         0.105324950288    
0.174160E-01       51.5623601          596.479405         0.864444936321E-01
0.174540E-01       46.4011765          594.908653         0.779971451717E-01
0.174920E-01       48.5183741          593.340582         0.817715416245E-01
0.175300E-01       57.4788497          591.775196         0.971295351533E-01
0.175680E-01       71.6358441          590.212500         0.121372970003    
0.176060E-01       88.5945961          588.652496         0.150504069437    
0.176440E-01       105.774603          587.095188         0.180166019427    
0.176820E-01       120.930599          585.540579         0.206528126722    
0.177200E-01       132.518137          583.988672         0.226919019382    
0.177580E-01       139.841916          582.439472         0.240096908327    
0.177960E-01       142.987567          580.892980         0.246151308405    
0.178340E-01       142.592633          579.349200         0.246125536763    
0.178720E-01       139.545684          577.808135         0.241508687572    
0.179100E-01       134.706921          576.269789         0.233756694898    
0.179480E-01       128.721329          574.734163         0.223966726567    
0.179860E-01       121.956058          573.201262         0.212763065626    
0.180240E-01       114.550919          571.671087         0.200379066301    
0.180620E-01       106.538130          570.143641         0.186861909566    
0.181000E-01       97.9734319          568.618928         0.172300686936    
0.181380E-01       89.0274843          567.096949         0.156988120736    
0.181760E-01       80.0090426          565.577708         0.141464278935    
0.182140E-01       71.3203520          564.061207         0.126440803143    
0.182520E-01       63.3698002          562.547448         0.112647920533    
0.182900E-01       56.4792142          561.036433         0.100669423340    
0.183280E-01       50.8203393          559.528166         0.908271332478E-01
0.183660E-01       46.3997863          558.022649         0.831503638389E-01
0.184040E-01       43.0910505          556.519883         0.774294896062E-01
0.184420E-01       40.6944370          555.019870         0.733206848296E-01
0.184800E-01       38.9974335          553.522614         0.704531892516E-01
0.185180E-01       37.8117162          552.028116         0.684959970042E-01
0.185560E-01       36.9762291          550.536378         0.671640068270E-01
0.185940E-01       36.3326593          549.047402         0.661739936105E-01
0.186320E-01       35.6929584          547.561190         0.651853328341E-01
0.186700E-01       34.8227786          546.077744         0.637689027930E-01
0.187080E-01       33.4580311          544.597065         0.614363044522E-01
0.187460E-01       31.3568962          543.119156         0.577348374878E-01
0.187840E-01       28.3725586          541.644018         0.523822984188E-01
0.188220E-01       24.5197931          540.171652         0.453925951972E-01
0.188600E-01       20.0066063          538.702061         0.371385366877E-01
0.188980E-01       15.2119169          537.235246         0.283151878801E-01
0.189360E-01       10.6086484          535.771208         0.198007063506E-01
0.189740E-01       6.65198542          534.309949         0.124496753937E-01
0.190120E-01       3.66721823          532.851470         0.688225224321E-02
0.190500E-01       1.77459100          531.395773         0.333949025035E-02
0.190880E-01      0.878049313          529.942859         0.165687545163E-02
0.191260E-01      0.723818582          528.492728         0.136959042744E-02
0.191640E-01       1.01044781          527.045383         0.191719317195E-02
0.192020E-01       1.51296476          525.600825         0.287854335300E-02
0.192400E-01       2.17722068          524.159054         0.415374048726E-02
0.192780E-01       3.14928018          522.720071         0.602479290203E-02
0.193160E-01       4.72637140          521.283879         0.906678988415E-02
0.193540E-01       7.24329350          519.850476         0.139334170625E-01
0.193920E-01       10.9318209          518.419866         0.210868093431E-01
0.194300E-01       15.8020710          516.992047         0.305654044418E-01
0.194680E-01       21.5895481          515.567022         0.418753472574E-01
0.195060E-01       27.7908699          514.144790         0.540526140052E-01
0.195440E-01       33.7816926          512.725354         0.658865264389E-01
0.195820E-01       38.9819660          511.308712         0.762395889399E-01
0.196200E-01       43.0161786          509.894867         0.843628391172E-01
0.196580E-01       45.8159618          508.483818         0.901030872598E-01
0.196960E-01       47.6298761          507.075566         0.939305289779E-01
0.197340E-01       48.9348901          505.670111         0.967723601272E-01
0.197720E-01       50.2762494          504.267455         0.997015549861E-01
0.198100E-01       52.0863579          502.867597         0.103578671972    
0.198480E-01       54.5408471          501.470538         0.108761817549    
0.198860E-01       57.4984861          500.076278         0.114979431457    
0.199240E-01       60.5446419          498.684817         0.121408632965    
0.199620E-01       63.1244655          497.296155         0.126935357880    
0.200000E-01       64.7228853          495.910292         0.130513293091    
