# ort(start) =    -8.1790
#   klo  khi step start
#%    4   93    1    4

# Energy[ev]             flux               DELTA(E)           Probability
0.600000           2.24655907          68.8036797         0.326517285632E-01
0.600400           1.99155094          69.1563282         0.287978120771E-01
0.600800           1.81869922          69.5089909         0.261649492418E-01
0.601200           1.74899796          69.8616522         0.250351646550E-01
0.601600           1.79113091          70.2142962         0.255094903232E-01
0.602000           1.94042885          70.5669073         0.274977170118E-01
0.602400           2.17977543          70.9194697         0.307359240176E-01
0.602800           2.48228983          71.2719675         0.348284173686E-01
0.603200           2.81531965          71.6243849         0.393067200703E-01
0.603600           3.14507662          71.9767059         0.436957565869E-01
0.604000           3.44117574          72.3289146         0.475767645765E-01
0.604400           3.68040217          72.6809949         0.506377516455E-01
0.604800           3.84920857          73.0329308         0.527051088911E-01
0.605200           3.94469436          73.3847063         0.537536301997E-01
0.605600           3.97408324          73.7363052         0.538958824800E-01
0.606000           3.95294290          74.0877115         0.533549062753E-01
0.606400           3.90254144          74.4389088         0.524260968587E-01
0.606800           3.84679026          74.7898811         0.514346353367E-01
0.607200           3.80918926          75.1406120         0.506941474344E-01
0.607600           3.81009281          75.4910854         0.504707647635E-01
0.608000           3.86449135          75.8412849         0.509549825282E-01
0.608400           3.98039269          76.1911943         0.522421617453E-01
0.608800           4.15781613          76.5407971         0.543215681449E-01
0.609200           4.38839226          76.8900771         0.570735838915E-01
0.609600           4.65558352          77.2390178         0.602750222819E-01
0.610000           4.93557788          77.5876029         0.636129703930E-01
0.610400           5.19893070          77.9358159         0.667078498280E-01
0.610800           5.41300473          78.2836404         0.691460528425E-01
0.611200           5.54517264          78.6310599         0.705214026846E-01
0.611600           5.56660210          78.9780581         0.704828940856E-01
0.612000           5.45626896          79.3246184         0.687840556009E-01
0.612400           5.20468121          79.6707242         0.653273992126E-01
0.612800           4.81669686          80.0163593         0.601964011967E-01
0.613200           4.31282516          80.3615069         0.536677985537E-01
0.613600           3.72853778          80.7061507         0.461989296709E-01
0.614000           3.11138018          81.0502740         0.383882746689E-01
0.614400           2.51602739          81.3938604         0.309117588970E-01
0.614800           1.99781070          81.7368934         0.244419699936E-01
0.615200           1.60557567          82.0793564         0.195612605153E-01
0.615600           1.37494146          82.4212329         0.166818842218E-01
0.616000           1.32306090          82.7625063         0.159862352412E-01
0.616400           1.44580757          83.1031602         0.173977447183E-01
0.616800           1.71795792          83.4431781         0.205883568260E-01
0.617200           2.09645142          83.7825433         0.250225326319E-01
0.617600           2.52628789          84.1212394         0.300315105208E-01
0.618000           2.94815804          84.4592500         0.349062778224E-01
0.618400           3.30659278          84.7965585         0.389944218928E-01
0.618800           3.55732257          85.1331484         0.417853989628E-01
0.619200           3.67268288          85.4690033         0.429709337164E-01
0.619600           3.64425751          85.8041068         0.424718308584E-01
0.620000           3.48245254          86.1384423         0.404285525035E-01
0.620400           3.21323940          86.4719936         0.371593074498E-01
0.620800           2.87279228          86.8047441         0.330948763997E-01
0.621200           2.50107823          87.1366776         0.287029331893E-01
0.621600           2.13557857          87.4677776         0.244156034046E-01
0.622000           1.80621163          87.7980278         0.205723485869E-01
0.622400           1.53222122          88.1274119         0.173864315706E-01
0.622800           1.32136188          88.4559137         0.149380841196E-01
0.623200           1.17124663          88.7835168         0.131921630852E-01
0.623600           1.07231919          89.1102051         0.120336295230E-01
0.624000           1.01165083          89.4359623         0.113114546266E-01
0.624400          0.976684579          89.7607722         0.108809734508E-01
0.624800          0.958159661          90.0846188         0.106362181899E-01
0.625200          0.951708060          90.4074859         0.105268723056E-01
0.625600          0.957956313          90.7293575         0.105583940986E-01
0.626000          0.981307569          91.0502175         0.107776521128E-01
0.626400           1.02784755          91.3700500         0.112492830363E-01
0.626800           1.10296058          91.6888389         0.120293876208E-01
0.627200           1.20923861          92.0065684         0.131429596041E-01
0.627600           1.34513267          92.3232226         0.145698193490E-01
0.628000           1.50457651          92.6387856         0.162413237303E-01
0.628400           1.67756692          92.9532418         0.180474278278E-01
0.628800           1.85147613          93.2665752         0.198514432905E-01
0.629200           2.01274409          93.5787704         0.215085545760E-01
0.629600           2.14857586          93.8898115         0.228840150636E-01
0.630000           2.24834255          94.1996837         0.238678354509E-01
0.630400           2.30452285          94.5083858         0.243843213349E-01
0.630800           2.31317811          94.8160204         0.243964901215E-01
0.631200           2.27407968          95.1226798         0.239068083988E-01
0.631600           2.19066650          95.4277206         0.229562907492E-01
0.632000           2.06998974          95.7315076         0.216228678768E-01
0.632400           1.92271148          96.0340343         0.200211466247E-01
0.632800           1.76309866          96.3352840         0.183016916661E-01
0.633200           1.60883811          96.6352413         0.166485651732E-01
0.633600           1.48043739          96.9338912         0.152726500071E-01
0.634000           1.40000026          97.2312187         0.143986703331E-01
0.634400           1.38928070          97.5272087         0.142450575431E-01
0.634800           1.46710510          97.8218465         0.149977244138E-01
0.635200           1.64646368          98.1151172         0.167809378299E-01
0.635600           1.93175247          98.4070060         0.196302330941E-01
0.636000           2.31674027          98.6974983         0.234731407912E-01
0.636400           2.78380330          98.9865795         0.281230376772E-01
0.636800           3.30480164          99.2742350         0.332896208312E-01
0.637200           3.84369160          99.5604504         0.386066111939E-01
0.637600           4.36062821          99.8452112         0.436738843954E-01
0.638000           4.81698643          100.128503         0.481080439117E-01
0.638400           5.18049340          100.410312         0.515932406383E-01
0.638800           5.42957856          100.690624         0.539233778429E-01
0.639200           5.55614313          100.969424         0.550279765801E-01
0.639600           5.56621697          101.246700         0.549767744726E-01
0.640000           5.47836071          101.522436         0.539620692663E-01
0.640400           5.32010491          101.796619         0.522620985035E-01
0.640800           5.12310620          102.069235         0.501924621265E-01
0.641200           4.91795502          102.340271         0.480549346920E-01
0.641600           4.72963537          102.609712         0.460934472793E-01
0.642000           4.57449347          102.877547         0.444654214758E-01
0.642400           4.45924791          103.143760         0.432333271059E-01
0.642800           4.38213615          103.408339         0.423770092755E-01
0.643200           4.33583488          103.671271         0.418229162507E-01
0.643600           4.31141405          103.932542         0.414828114920E-01
0.644000           4.30236849          104.192140         0.412926396861E-01
0.644400           4.30776559          104.450051         0.412423503394E-01
0.644800           4.33375317          104.706263         0.413896271015E-01
0.645200           4.39304339          104.960762         0.418541490480E-01
0.645600           4.50244598          105.213537         0.427934094197E-01
0.646000           4.67896451          105.464575         0.443652716295E-01
0.646400           4.93529884          105.713863         0.466854460947E-01
0.646800           5.27574118          105.961389         0.497892793662E-01
0.647200           5.69338394          106.207140         0.536064141886E-01
0.647600           6.16928974          106.451105         0.579542103739E-01
0.648000           6.67386842          106.693271         0.625519147088E-01
0.648400           7.17025207          106.933627         0.670532950081E-01
0.648800           7.61905473          107.172161         0.710917336593E-01
0.649200           7.98363529          107.408861         0.743293918293E-01
0.649600           8.23490315          107.643715         0.765014769188E-01
0.650000           8.35482849          107.876711         0.774479345467E-01
0.650400           8.33810836          108.107840         0.771276937907E-01
0.650800           8.19182791          108.337088         0.756142522841E-01
0.651200           7.93335427          108.564445         0.730750683484E-01
0.651600           7.58702237          108.789901         0.697401351043E-01
0.652000           7.18035156          109.013443         0.658666617126E-01
0.652400           6.74053841          109.235061         0.617067299074E-01
0.652800           6.29181537          109.454745         0.574832584132E-01
0.653200           5.85399409          109.672483         0.533770543814E-01
0.653600           5.44219772          109.888266         0.495248303926E-01
0.654000           5.06750682          110.102082         0.460255312750E-01
0.654400           4.73806362          110.313922         0.429507312286E-01
0.654800           4.46013702          110.523776         0.403545481001E-01
0.655200           4.23874771          110.731633         0.382794655219E-01
0.655600           4.07765422          110.937483         0.367563253273E-01
0.656000           3.97874777          111.141317         0.357989977680E-01
0.656400           3.94112602          111.343125         0.353962223326E-01
0.656800           3.96025119          111.542898         0.355042880361E-01
0.657200           4.02760853          111.740626         0.360442631440E-01
0.657600           4.13116254          111.936300         0.369063704241E-01
0.658000           4.25668976          112.129910         0.379621259019E-01
0.658400           4.38980799          112.321448         0.390825445483E-01
0.658800           4.51829126          112.510905         0.401586963960E-01
0.659200           4.63412407          112.698271         0.411197441833E-01
0.659600           4.73475040          112.883538         0.419436745439E-01
0.660000           4.82312099          113.066699         0.426573079433E-01
0.660400           4.90640922          113.247743         0.433245651026E-01
0.660800           4.99358979          113.426664         0.440248318556E-01
0.661200           5.09237749          113.603452         0.448259045844E-01
0.661600           5.20622846          113.778100         0.457577378960E-01
0.662000           5.33215477          113.950599         0.467935649362E-01
0.662400           5.45997304          114.120943         0.478437426677E-01
0.662800           5.57331866          114.289124         0.487650835252E-01
0.663200           5.65236718          114.455133         0.493850038715E-01
0.663600           5.67780022          114.618964         0.495363073647E-01
0.664000           5.63522771          114.780609         0.490956422877E-01
0.664400           5.51911230          114.940061         0.480173077978E-01
0.664800           5.33528076          115.097314         0.463545202137E-01
0.665200           5.10135482          115.252360         0.442624761052E-01
0.665600           4.84484226          115.405193         0.419811461994E-01
0.666000           4.59911645          115.555805         0.397999601710E-01
0.666400           4.39797280          115.704192         0.380104880443E-01
0.666800           4.26978195          115.850346         0.368560138729E-01
0.667200           4.23238551          115.994261         0.364878871758E-01
0.667600           4.28976666          116.135931         0.369374630030E-01
0.668000           4.43119372          116.275351         0.381094848367E-01
0.668400           4.63304608          116.412514         0.397985226614E-01
0.668800           4.86299191          116.547415         0.417254376575E-01
0.669200           5.08570873          116.680049         0.435867895354E-01
0.669600           5.26902557          116.810409         0.451075002379E-01
0.670000           5.38928563          116.938492         0.460864984484E-01
0.670400           5.43489945          117.064291         0.464266207105E-01
0.670800           5.40744397          117.187803         0.461434027423E-01
0.671200           5.32017934          117.309021         0.453518348204E-01
0.671600           5.19439241          117.427942         0.442347223799E-01
0.672000           5.05441720          117.544561         0.430000093286E-01
0.672400           4.92243549          117.658873         0.418365003991E-01
0.672800           4.81417138          117.770875         0.408774358315E-01
0.673200           4.73636494          117.880562         0.401793550389E-01
0.673600           4.68649315          117.987930         0.397201065090E-01
0.674000           4.65469664          118.092976         0.394155249796E-01
0.674400           4.62738090          118.195696         0.391501643242E-01
0.674800           4.59159720          118.296085         0.388144475450E-01
0.675200           4.53915084          118.394142         0.383393194247E-01
0.675600           4.46946288          118.489863         0.377202132250E-01
0.676000           4.39050619          118.583244         0.370246761251E-01
0.676400           4.31757801          118.674282         0.363817495532E-01
0.676800           4.27016107          118.762975         0.359553223824E-01
0.677200           4.26755259          118.849321         0.359072526946E-01
0.677600           4.32421435          118.933315         0.363583099551E-01
0.678000           4.44585764          119.014957         0.373554529963E-01
0.678400           4.62711673          119.094244         0.388525639311E-01
0.678800           4.85132126          119.171173         0.407088486499E-01
0.679200           5.09243248          119.245743         0.427053606689E-01
0.679600           5.31875822          119.317952         0.445763451593E-01
0.680000           5.49770665          119.387798         0.460491501443E-01
0.680400           5.60065181          119.455280         0.468849247981E-01
0.680800           5.60700040          119.520396         0.469124986790E-01
0.681200           5.50675621          119.583144         0.460496021225E-01
0.681600           5.30122373          119.643525         0.443084884869E-01
0.682000           5.00189150          119.701536         0.417863603644E-01
0.682400           4.62789894          119.757176         0.386440218827E-01
0.682800           4.20273753          119.810446         0.350782228427E-01
0.683200           3.75092016          119.861345         0.312938268040E-01
0.683600           3.29526251          119.909871         0.274811612381E-01
0.684000           2.85518981          119.956026         0.238019707498E-01
0.684400           2.44617619          119.999807         0.203848342851E-01
0.684800           2.08012101          120.041217         0.173283899268E-01
0.685200           1.76624408          120.080254         0.147088635620E-01
0.685600           1.51199077          120.116926         0.125876578656E-01
0.686000           1.32349881          120.151134         0.110152835204E-01
0.686400           1.20536807          120.183058         0.100294342243E-01
0.686800           1.15974093          120.212604         0.964741543300E-02
0.687200           1.18496829          120.239781         0.985504369444E-02
0.687600           1.27433234          120.264588         0.105960728645E-01
0.688000           1.41536345          120.287028         0.117665509931E-01
0.688400           1.59020167          120.307102         0.132178537361E-01
0.688800           1.77722711          120.324810         0.147702465568E-01
0.689200           1.95386902          120.340154         0.162362183265E-01
0.689600           2.10017625          120.353136         0.174501165219E-01
0.690000           2.20247417          120.363758         0.182984828855E-01
0.690400           2.25631505          120.372021         0.187445140766E-01
0.690800           2.26799005          120.377928         0.188405805742E-01
0.691200           2.25410929          120.381480         0.187247182026E-01
0.691600           2.23913019          120.382680         0.186001024649E-01
0.692000           2.25114567          120.381531         0.187000917380E-01
0.692400           2.31663979          120.378034         0.192447053718E-01
0.692800           2.45518838          120.372192         0.203966409457E-01
0.693200           2.67516042          120.364009         0.222255842591E-01
0.693600           2.97133573          120.353487         0.246884058328E-01
0.694000           3.32501562          120.340629         0.276300335770E-01
0.694400           3.70672947          120.325439         0.308058670956E-01
0.694800           4.08112539          120.307919         0.339223338766E-01
0.695200           4.41318340          120.288073         0.366884535974E-01
0.695600           4.67459812          120.265905         0.388688556222E-01
0.696000           4.84910933          120.241419         0.403281113417E-01
0.696400           4.93572999          120.214618         0.410576523566E-01
0.696800           4.94920277          120.185506         0.411796974853E-01
0.697200           4.91753435          120.154087         0.409269003402E-01
0.697600           4.87700901          120.120366         0.406010169803E-01
0.698000           4.86556331          120.084346         0.405178814142E-01
0.698400           4.91571567          120.046033         0.409485889774E-01
0.698800           5.04833143          120.005431         0.420675248050E-01
0.699200           5.26834848          119.962544         0.439166119645E-01
0.699600           5.56322608          119.917377         0.463921594956E-01
0.700000           5.90438120          119.869935         0.492565644591E-01
0.700400           6.25134085          119.820224         0.521726686373E-01
0.700800           6.55786663          119.768248         0.547546342046E-01
0.701200           6.77898562          119.714013         0.566265003088E-01
0.701600           6.87774305          119.657525         0.574785670831E-01
0.702000           6.83059011          119.598787         0.571125365164E-01
0.702400           6.63060492          119.537807         0.554686843922E-01
0.702800           6.28815366          119.474591         0.526317237987E-01
0.703200           5.82904828          119.409143         0.488157618528E-01
0.703600           5.29066262          119.341470         0.443321389348E-01
0.704000           4.71675969          119.271578         0.395463845439E-01
0.704400           4.15191592          119.199473         0.348316632650E-01
0.704800           3.63639531          119.125162         0.305258372008E-01
0.705200           3.20215053          119.048651         0.268978312789E-01
0.705600           2.87035946          118.969947         0.241267609084E-01
0.706000           2.65060574          118.889055         0.222947834013E-01
0.706400           2.54154209          118.805984         0.213923743275E-01
0.706800           2.53268184          118.720740         0.213331036196E-01
0.707200           2.60687302          118.633329         0.219742043852E-01
0.707600           2.74301837          118.543760         0.231392894717E-01
0.708000           2.91869246          118.452038         0.246402889916E-01
0.708400           3.11243476          118.358172         0.262967457094E-01
0.708800           3.30562505          118.262169         0.279516693742E-01
0.709200           3.48393970          118.164036         0.294839259562E-01
0.709600           3.63842572          118.063782         0.308174587430E-01
0.710000           3.76621306          117.961413         0.319275005049E-01
0.710400           3.87083265          117.856937         0.328434858973E-01
0.710800           3.96204785          117.750363         0.336478610422E-01
0.711200           4.05507308          117.641698         0.344696918089E-01
0.711600           4.16907186          117.530951         0.354721188425E-01
0.712000           4.32490859          117.418130         0.368333970580E-01
0.712400           4.54226633          117.303242         0.387224278078E-01
0.712800           4.83640965          117.186297         0.412711192455E-01
0.713200           5.21502680          117.067303         0.445472531492E-01
0.713600           5.67568472          116.946269         0.485324137729E-01
0.714000           6.20443592          116.823203         0.531096200565E-01
0.714400           6.77600762          116.698114         0.580644143130E-01
0.714800           7.35578481          116.571010         0.631013215439E-01
0.715200           7.90350008          116.441902         0.678750513660E-01
0.715600           8.37821673          116.310797         0.720330091387E-01
0.716000           8.74390217          116.177706         0.752631677853E-01
0.716400           8.97470070          116.042636         0.773396827982E-01
0.716800           9.05897838          115.905599         0.781582468015E-01
0.717200           9.00134988          115.766602         0.777542895910E-01
0.717600           8.82219801          115.625655         0.762996585664E-01
0.718000           8.55461587          115.482769         0.740769897654E-01
0.718400           8.23916491          115.337952         0.714349855724E-01
0.718800           7.91726520          115.191214         0.687315023613E-01
0.719200           7.62432882          115.042565         0.662739812137E-01
0.719600           7.38385139          114.892016         0.642677502610E-01
0.720000           7.20355696          114.739575         0.627817990468E-01
0.720400           7.07436146          114.585254         0.617388470769E-01
0.720800           6.97243058          114.429061         0.609323410457E-01
0.721200           6.86404871          114.271008         0.600681558069E-01
0.721600           6.71248808          114.111104         0.588241443650E-01
0.722000           6.48567567          113.949361         0.569171746714E-01
0.722400           6.16327683          113.785787         0.541656122734E-01
0.722800           5.74188977          113.620395         0.505357316603E-01
0.723200           5.23736496          113.453193         0.461632220614E-01
0.723600           4.68377259          113.284194         0.413453318206E-01
0.724000           4.12914462          113.113407         0.365044667578E-01
0.724400           3.62870263          112.940844         0.321292323823E-01
0.724800           3.23673763          112.766515         0.287030030710E-01
0.725200           2.99854547          112.590431         0.266323295706E-01
0.725600           2.94379763          112.412603         0.261874339743E-01
0.726000           3.08244785          112.233043         0.274647089240E-01
0.726400           3.40379622          112.051760         0.303769991485E-01
0.726800           3.87874902          111.868767         0.346723140510E-01
0.727200           4.46473871          111.684074         0.399765028511E-01
0.727600           5.11231491          111.497693         0.458513064885E-01
0.728000           5.77216778          111.309635         0.518568563430E-01
0.728400           6.40134290          111.119912         0.576075231189E-01
0.728800           6.96764180          110.928535         0.628119881376E-01
0.729200           7.45161888          110.735514         0.672920418589E-01
0.729600           7.84609258          110.540863         0.709791143357E-01
0.730000           8.15357834          110.344593         0.738919610302E-01
0.730400           8.38242558          110.146714         0.761023662547E-01
0.730800           8.54262833          109.947240         0.776975243891E-01
0.731200           8.64225121          109.746181         0.787476262825E-01
0.731600           8.68518740          109.543549         0.792852476565E-01
0.732000           8.67060242          109.339357         0.792999217512E-01
0.732400           8.59400494          109.133615         0.787475510079E-01
0.732800           8.44951652          108.926337         0.775709231073E-01
0.733200           8.23266619          108.717534         0.757252845245E-01
0.733600           7.94296227          108.507218         0.732021557879E-01
0.734000           7.58559928          108.295401         0.700454425133E-01
0.734400           7.17190848          108.082095         0.663561198964E-01
0.734800           6.71848932          107.867313         0.622847564853E-01
0.735200           6.24528487          107.651066         0.580141477972E-01
0.735600           5.77310653          107.433367         0.537366245810E-01
0.736000           5.32121904          107.214229         0.496316497231E-01
0.736400           4.90554214          106.993662         0.458489038947E-01
0.736800           4.53783154          106.771680         0.425003288870E-01
0.737200           4.22592053          106.548296         0.396620189734E-01
0.737600           3.97480923          106.323521         0.373841009200E-01
0.738000           3.78815752          106.097367         0.357045383115E-01
0.738400           3.66963045          105.869849         0.346617143511E-01
0.738800           3.62358971          105.640977         0.343009864891E-01
0.739200           3.65481309          105.410764         0.346721050589E-01
0.739600           3.76720812          105.179224         0.358170367311E-01
0.740000           3.96179550          104.946368         0.377506682080E-01
0.740400           4.23449124          104.712209         0.404393268616E-01
0.740800           4.57434498          104.476760         0.437833734017E-01
0.741200           4.96285603          104.240033         0.476098854282E-01
0.741600           5.37478562          104.002042         0.516796164494E-01
0.742000           5.78055621          103.762798         0.557093324440E-01
0.742400           6.14994726          103.522315         0.594069719208E-01
0.742800           6.45645245          103.280605         0.625136967971E-01
0.743200           6.68144062          103.037682         0.648446326826E-01
0.743600           6.81722286          102.793557         0.663195541844E-01
0.744000           6.86829155          102.548244         0.669761987354E-01
0.744400           6.85033952          102.301755         0.669620918863E-01
0.744800           6.78712047          102.054104         0.665051205654E-01
0.745200           6.70567972          101.805303         0.658676861757E-01
0.745600           6.63086394          101.555364         0.652930938574E-01
0.746000           6.58022082          101.304302         0.649549987706E-01
0.746400           6.56037219          101.052129         0.649206729617E-01
0.746800           6.56568268          100.798857         0.651364796826E-01
0.747200           6.57959694          100.544499         0.654396508695E-01
0.747600           6.57847096          100.289070         0.655950941181E-01
0.748000           6.53718992          100.032580         0.653506079108E-01
0.748400           6.43545965          99.7750441         0.644996923894E-01
0.748800           6.26347090          99.5164781         0.629390329570E-01
0.749200           6.02571102          99.2569296         0.607082149729E-01
0.749600           5.74202841          98.9957321         0.580027874963E-01
0.750000           5.44557944          98.7341768         0.551539458069E-01
0.750400           5.17790370          98.4715979         0.525827122740E-01
0.750800           4.98195702          98.2080529         0.507285998835E-01
0.751200           4.89436471          97.9435525         0.499712802097E-01
0.751600           4.93835077          97.6781092         0.505573951866E-01
0.752000           5.11870936          97.4117356         0.525471528833E-01
0.752400           5.41982804          97.1444448         0.557914356270E-01
0.752800           5.80721473          96.8762498         0.599446690904E-01
0.753200           6.23233100          96.6071633         0.645121001626E-01
0.753600           6.63991712          96.3371984         0.689237099640E-01
0.754000           6.97653064          96.0663680         0.726219881285E-01
0.754400           7.19879612          95.7946850         0.751481788107E-01
0.754800           7.27992312          95.5221623         0.762118753500E-01
0.755200           7.21337609          95.2488127         0.757319265736E-01
0.755600           7.01311027          94.9746493         0.738419180631E-01
0.756000           6.71041798          94.6996848         0.708599822660E-01
0.756400           6.34803912          94.4239321         0.672291333413E-01
0.756800           5.97266472          94.1474041         0.634395050713E-01
0.757200           5.62721690          93.8701136         0.599468424046E-01
0.757600           5.34428019          93.5920734         0.571018462767E-01
0.758000           5.14179695          93.3132963         0.551025111070E-01
0.758400           5.02168061          93.0337952         0.539769510259E-01
0.758800           4.97143536          92.7535828         0.535983107654E-01
0.759200           4.96831076          92.4726719         0.537273408268E-01
0.759600           4.98506802          92.1910752         0.540732170222E-01
0.760000           4.99617304          91.9088054         0.543601129520E-01
0.760400           4.98320274          91.6258753         0.543864135369E-01
0.760800           4.93845194          91.3422974         0.540653353487E-01
0.761200           4.86611402          91.0580846         0.534396702769E-01
0.761600           4.78089899          90.7732494         0.526685892899E-01
0.762000           4.70445295          90.4878044         0.519899115894E-01
0.762400           4.66035708          90.2017622         0.516659205578E-01
0.762800           4.66873792          89.9151354         0.519238268586E-01
0.763200           4.74156967          89.6279366         0.529028097334E-01
0.763600           4.87959108          89.3401782         0.546181032792E-01
0.764000           5.07142957          89.0518727         0.569491625397E-01
0.764400           5.29509074          88.7630327         0.596542341487E-01
0.764800           5.52151637          88.4736705         0.624085825802E-01
0.765200           5.71952617          88.1837985         0.648591494342E-01
0.765600           5.86120683          87.8934292         0.666853812496E-01
0.766000           5.92674326          87.6025748         0.676548979937E-01
0.766400           5.90780689          87.3112477         0.676637551968E-01
0.766800           5.80890036          87.0194601         0.667540381156E-01
0.767200           5.64644739          86.7272244         0.651058237925E-01
0.767600           5.44583735          86.4345527         0.630053280797E-01
0.768000           5.23700562          86.1414572         0.607954147415E-01
0.768400           5.04938519          85.8479500         0.588177723977E-01
0.768800           4.90715728          85.5540434         0.573573975989E-01
0.769200           4.82564570          85.2597492         0.565993419791E-01
0.769600           4.80946150          84.9650797         0.566051549338E-01
0.770000           4.85265994          84.6700467         0.573125931689E-01
0.770400           4.94078874          84.3746623         0.585577304937E-01
0.770800           5.05435802          84.0789384         0.601144366815E-01
0.771200           5.17301400          83.7828869         0.617430861396E-01
0.771600           5.27959331          83.4865196         0.632388718657E-01
0.772000           5.36328967          83.1898483         0.644704826914E-01
0.772400           5.42136332          82.8928848         0.654020346129E-01
0.772800           5.45912416          82.5956408         0.660945796807E-01
0.773200           5.48826126          82.2981280         0.666875588644E-01
0.773600           5.52390723          82.0003581         0.673644281411E-01
0.774000           5.58105713          81.7023427         0.683096340218E-01
0.774400           5.67106548          81.4040932         0.696656060082E-01
0.774800           5.79890794          81.1056212         0.714982248563E-01
0.775200           5.96172641          80.8069382         0.737774074952E-01
0.775600           6.14891702          80.5080556         0.763764193319E-01
0.776000           6.34372052          80.2089848         0.790898991820E-01
0.776400           6.52599405          79.9097371         0.816670695007E-01
0.776800           6.67563322          79.6103237         0.838538635554E-01
0.777200           6.77601079          79.3107559         0.854362149046E-01
0.777600           6.81681580          79.0110450         0.862767452781E-01
0.778000           6.79580603          78.7112019         0.863384863421E-01
0.778400           6.71919614          78.4112379         0.856917492977E-01
0.778800           6.60065132          78.1111639         0.845033025566E-01
0.779200           6.45909420          77.8109909         0.830100493321E-01
0.779600           6.31571976          77.5107299         0.814818769169E-01
0.780000           6.19072034          77.2103918         0.801798850052E-01
0.780400           6.10023908          76.9099873         0.793166049367E-01
0.780800           6.05400120          76.6095274         0.790241293311E-01
0.781200           6.05393866          76.3090226         0.793345066242E-01
0.781600           6.09395486          76.0084836         0.801746669239E-01
0.782000           6.16080225          75.7079212         0.813759268213E-01
0.782400           6.23589549          75.4073458         0.826961275516E-01
0.782800           6.29777413          75.1067680         0.838509537720E-01
0.783200           6.32487115          74.8061982         0.845500946991E-01
0.783600           6.29823491          74.5056469         0.845336584600E-01
0.784000           6.20388626          74.2051244         0.836045530874E-01
0.784400           6.03455562          73.9046409         0.816532703589E-01
0.784800           5.79062755          73.6042068         0.786725080980E-01
0.785200           5.48021052          73.3038321         0.747602187354E-01
0.785600           5.11834182          73.0035271         0.701108839684E-01
0.786000           4.72542514          72.7033018         0.649960184211E-01
0.786400           4.32507813          72.4031661         0.597360359102E-01
0.786800           3.94163243          72.1031301         0.546665924257E-01
0.787200           3.59757369          71.8032037         0.501032475195E-01
0.787600           3.31122500          71.5033966         0.463086392826E-01
0.788000           3.09495739          71.2037187         0.434662324965E-01
0.788400           2.95415198          70.9041796         0.416640034496E-01
0.788800           2.88704249          70.6047891         0.408901793218E-01
0.789200           2.88544375          70.3055566         0.410414751151E-01
0.789600           2.93624019          70.0064919         0.419423986348E-01
0.790000           3.02338883          69.7076042         0.433724392145E-01
0.790400           3.13010973          69.4089031         0.450966603554E-01
0.790800           3.24090952          69.1103978         0.468946731560E-01
0.791200           3.34312188          68.8120978         0.485833448597E-01
0.791600           3.42774800          68.5140121         0.500298829004E-01
0.792000           3.48952331          68.2161500         0.511539174245E-01
0.792400           3.52629562          67.9185206         0.519194998277E-01
0.792800           3.53794152          67.6211330         0.523200568736E-01
0.793200           3.52513893          67.3239960         0.523608094583E-01
0.793600           3.48833389          67.0271187         0.520436199029E-01
0.794000           3.42718038          66.7305098         0.513585223341E-01
0.794400           3.34060490          66.4341782         0.502844317952E-01
0.794800           3.22748063          66.1381326         0.487990891966E-01
0.795200           3.08772691          65.8423816         0.468957354327E-01
0.795600           2.92352022          65.5469339         0.446019369911E-01
0.796000           2.74024563          65.2517980         0.419949443980E-01
0.796400           2.54685128          64.9569823         0.392082758853E-01
0.796800           2.35538942          64.6624954         0.364258973872E-01
0.797200           2.17971191          64.3683454         0.338631029870E-01
0.797600           2.03349525          64.0745407         0.317363999181E-01
0.798000           1.92795132          63.7810894         0.302276323666E-01
0.798400           1.86969110          63.4879999         0.294495196095E-01
0.798800           1.85921826          63.1952800         0.294202076485E-01
0.799200           1.89043061          62.9029379         0.300531369753E-01
0.799600           1.95131517          62.6109815         0.311657017110E-01
0.800000           2.02577833          62.3194191         0.325063737485E-01
