# ort(start) =    -8.1790
#   klo  khi step start
#%    4   90    1    4

# Energy[ev]             flux               DELTA(E)           Probability
0.500000           1.28770998          66.9990335         0.192198291798E-01
0.500500           1.24716606          67.5124214         0.184731347927E-01
0.501000           1.30257007          68.0263818         0.191480134504E-01
0.501500           1.45436458          68.5408753         0.212189379727E-01
0.502000           1.69042963          69.0558619         0.244791619481E-01
0.502500           1.98712172          69.5713017         0.285623765666E-01
0.503000           2.31335712          70.0871544         0.330068632809E-01
0.503500           2.63682248          70.6033796         0.373469725148E-01
0.504000           2.93075907          71.1199365         0.412086850890E-01
0.504500           3.17954487          71.6367841         0.443842490969E-01
0.505000           3.38156158          72.1538815         0.468659690530E-01
0.505500           3.54851793          72.6711871         0.488297779885E-01
0.506000           3.70132273          73.1886595         0.505723530206E-01
0.506500           3.86350960          73.7062570         0.524176610733E-01
0.507000           4.05386575          74.2239376         0.546166894157E-01
0.507500           4.28013299          74.7416593         0.572656939941E-01
0.508000           4.53537918          75.2593798         0.602633079332E-01
0.508500           4.79795976          75.7770566         0.633167870972E-01
0.509000           5.03508977          76.2946472         0.659953215506E-01
0.509500           5.20916574          76.8121088         0.678169864088E-01
0.510000           5.28534004          77.3293986         0.683483919529E-01
0.510500           5.23860853          77.8464734         0.672941020850E-01
0.511000           5.05886441          78.3632902         0.645565595254E-01
0.511500           4.75292249          78.8798056         0.602552511128E-01
0.512000           4.34326392          79.3959762         0.547038291050E-01
0.512500           3.86399221          79.9117586         0.483532371453E-01
0.513000           3.35504587          80.4271089         0.417153608497E-01
0.513500           2.85596417          80.9419836         0.352840892251E-01
0.514000           2.40042746          81.4563388         0.294688847801E-01
0.514500           2.01245184          81.9701305         0.245510386268E-01
0.515000           1.70463498          82.4833148         0.206664217908E-01
0.515500           1.47836790          82.9958476         0.178125525572E-01
0.516000           1.32556872          83.5076847         0.158736136301E-01
0.516500           1.23132668          84.0187819         0.146553741513E-01
0.517000           1.17687118          84.5290950         0.139226757765E-01
0.517500           1.14244485          85.0385797         0.134344300224E-01
0.518000           1.10987245          85.5471916         0.129738034400E-01
0.518500           1.06478722          86.0548863         0.123733499572E-01
0.519000          0.998539974          86.5616194         0.115355971967E-01
0.519500          0.909759009          87.0673466         0.104489116219E-01
0.520000          0.805387309          87.5720233         0.919685624493E-02
0.520500          0.700872397          88.0756051         0.795762226769E-02
0.521000          0.619113134          88.5780477         0.698946466033E-02
0.521500          0.587847634          89.0793065         0.659914919297E-02
0.522000          0.635425096          89.5793371         0.709343377389E-02
0.522500          0.785309178          90.0780952         0.871809263205E-02
0.523000           1.05012009          90.5755364         0.115938600286E-01
0.523500           1.42640559          91.0716163         0.156624604123E-01
0.524000           1.89149944          91.5662907         0.206571591938E-01
0.524500           2.40367557          92.0595154         0.261100176613E-01
0.525000           2.90630248          92.5512461         0.314020890904E-01
0.525500           3.33590578          93.0414388         0.358539788807E-01
0.526000           3.63310727          93.5300493         0.388442783587E-01
0.526500           3.75454602          94.0170339         0.399347423337E-01
0.527000           3.68333649          94.5023485         0.389761371519E-01
0.527500           3.43557182          94.9859493         0.361692633539E-01
0.528000           3.06092709          95.4677928         0.320624055923E-01
0.528500           2.63650501          95.9478353         0.274785251617E-01
0.529000           2.25449431          96.4260334         0.233805563493E-01
0.529500           2.00566831          96.9023437         0.206978307906E-01
0.530000           1.96187848          97.3767230         0.201473044569E-01
0.530500           2.16118729          97.8491282         0.220869345146E-01
0.531000           2.59895747          98.3195163         0.264337902053E-01
0.531500           3.22708743          98.7878446         0.326668472330E-01
0.532000           3.96187574          99.2540704         0.399165064139E-01
0.532500           4.69909687          99.7181513         0.471237864547E-01
0.533000           5.33323202          100.180045         0.532364706627E-01
0.533500           5.77683677          100.639709         0.574011672953E-01
0.534000           5.97599728          101.097102         0.591114599911E-01
0.534500           5.91875337          101.552181         0.582828778097E-01
0.535000           5.63502620          102.004906         0.552426978565E-01
0.535500           5.18856242          102.455235         0.506422383954E-01
0.536000           4.66319132          102.903126         0.453163231993E-01
0.536500           4.14683379          103.348539         0.401247451800E-01
0.537000           3.71692373          103.791433         0.358114694507E-01
0.537500           3.43018115          104.231767         0.329091719416E-01
0.538000           3.31824892          104.669509         0.317021541466E-01
0.538500           3.38900069          105.105109         0.322439196038E-01
0.539000           3.63184241          105.537803         0.344127155481E-01
0.539500           4.02448360          105.967491         0.379784740655E-01
0.540000           4.53866241          106.394421         0.426588382134E-01
0.540500           5.14312638          106.818555         0.481482491107E-01
0.541000           5.80350264          107.239851         0.541170335462E-01
0.541500           6.48008606          107.658273         0.601912501512E-01
0.542000           7.12556341          108.073782         0.659323960906E-01
0.542500           7.68493487          108.486340         0.708378113163E-01
0.543000           8.09928778          108.895909         0.743764194206E-01
0.543500           8.31378848          109.302452         0.760622323318E-01
0.544000           8.28867978          109.705932         0.755536154804E-01
0.544500           8.01070471          110.106312         0.727542733619E-01
0.545000           7.50167763          110.503556         0.678863008719E-01
0.545500           6.82116440          110.897627         0.615086594364E-01
0.546000           6.06141255          111.288491         0.544657627200E-01
0.546500           5.33451132          111.676111         0.477677030034E-01
0.547000           4.75377552          112.060453         0.424215268332E-01
0.547500           4.41298693          112.441482         0.392469653859E-01
0.548000           4.36792945          112.819162         0.387162017706E-01
0.548500           4.62437793          113.193461         0.408537549739E-01
0.549000           5.13539161          113.564345         0.452201050944E-01
0.549500           5.80873919          113.931780         0.509843628329E-01
0.550000           6.52304818          114.295733         0.570716686589E-01
0.550500           7.14937372          114.656171         0.623548967141E-01
0.551000           7.57377188          115.013064         0.658514054660E-01
0.551500           7.71637617          115.366377         0.668858323439E-01
0.552000           7.54338926          115.716081         0.651887721571E-01
0.552500           7.07005030          116.062144         0.609160750211E-01
0.553000           6.35460129          116.404536         0.545906672819E-01
0.553500           5.48509244          116.743226         0.469842460504E-01
0.554000           4.56215119          117.078184         0.389667062098E-01
0.554500           3.68136670          117.409381         0.313549622491E-01
0.555000           2.91867647          117.736787         0.247898429758E-01
0.555500           2.32122647          118.060375         0.196613509418E-01
0.556000           1.90486780          118.380116         0.160911127515E-01
0.556500           1.65805284          118.695982         0.139689045306E-01
0.557000           1.55067546          119.007946         0.130300161520E-01
0.557500           1.54556260          119.315981         0.129535254861E-01
0.558000           1.60997430          119.620060         0.134590661821E-01
0.558500           1.72461916          119.920158         0.143813950286E-01
0.559000           1.88828494          120.216248         0.157074020563E-01
0.559500           2.11710728          120.508306         0.175681441144E-01
0.560000           2.43860315          120.796306         0.201877294136E-01
0.560500           2.88170539          121.080226         0.237999671457E-01
0.561000           3.46495986          121.360040         0.285510771719E-01
0.561500           4.18560314          121.635725         0.344109687968E-01
0.562000           5.01227986          121.907259         0.411155160661E-01
0.562500           5.88361081          122.174619         0.481573903121E-01
0.563000           6.71372725          122.437783         0.548337865256E-01
0.563500           7.40441298          122.696730         0.603472725001E-01
0.564000           7.86193200          122.951438         0.639433921615E-01
0.564500           8.01532467          123.201887         0.650584569975E-01
0.565000           7.83227119          123.448057         0.634458846073E-01
0.565500           7.32878873          123.689929         0.592512973429E-01
0.566000           6.57009584          123.927482         0.530156485071E-01
0.566500           5.66177265          124.160699         0.456003604641E-01
0.567000           4.73248704          124.389562         0.380456926379E-01
0.567500           3.91153998          124.614052         0.313892367182E-01
0.568000           3.30580555          124.834153         0.264815795291E-01
0.568500           2.98093440          125.049848         0.238379690477E-01
0.569000           2.95083392          125.261120         0.235574607468E-01
0.569500           3.17760657          125.467955         0.253260410488E-01
0.570000           3.58175344          125.670336         0.285011846157E-01
0.570500           4.06012061          125.868249         0.322569087133E-01
0.571000           4.50736704          126.061680         0.357552513476E-01
0.571500           4.83609117          126.250615         0.383054861432E-01
0.572000           4.99131641          126.435041         0.394773187911E-01
0.572500           4.95663118          126.614945         0.391472838780E-01
0.573000           4.75146328          126.790315         0.374749703088E-01
0.573500           4.42114889          126.961139         0.348228514790E-01
0.574000           4.02306230          127.127406         0.316459087696E-01
0.574500           3.61270614          127.289106         0.283818958583E-01
0.575000           3.23321301          127.446228         0.253692327728E-01
0.575500           2.91037079          127.598762         0.228087698519E-01
0.576000           2.65348927          127.746699         0.207714898911E-01
0.576500           2.46071471          127.890031         0.192408641059E-01
0.577000           2.32625789          128.028749         0.181698088051E-01
0.577500           2.24672334          128.162846         0.175302234862E-01
0.578000           2.22433546          128.292315         0.173380258198E-01
0.578500           2.26611136          128.417148         0.176464856178E-01
0.579000           2.37950604          128.537340         0.185121773626E-01
0.579500           2.56628804          128.652885         0.199473803972E-01
0.580000           2.81701722          128.763778         0.218774041533E-01
0.580500           3.10832608          128.870015         0.241198551226E-01
0.581000           3.40432808          128.971590         0.263959534052E-01
0.581500           3.66218136          129.068501         0.283739357722E-01
0.582000           3.84053061          129.160745         0.297345035320E-01
0.582500           3.90862776          129.248318         0.302412273470E-01
0.583000           3.85366072          129.331218         0.297968332454E-01
0.583500           3.68426357          129.409435         0.284698218853E-01
0.584000           3.42919345          129.482978         0.264837394576E-01
0.584500           3.13143593          129.551845         0.241712954548E-01
0.585000           2.83917478          129.616036         0.219045023880E-01
0.585500           2.59581937          129.675552         0.200178007321E-01
0.586000           2.43144002          129.730394         0.187422542661E-01
0.586500           2.35751741          129.780562         0.181654123159E-01
0.587000           2.36602377          129.826058         0.182245675758E-01
0.587500           2.43278732          129.866886         0.187329302877E-01
0.588000           2.52412938          129.903047         0.194308711889E-01
0.588500           2.60513102          129.934546         0.200495642675E-01
0.589000           2.64769233          129.961385         0.203729156172E-01
0.589500           2.63677509          129.983570         0.202854491496E-01
0.590000           2.57374982          130.001104         0.197979073770E-01
0.590500           2.47642911          130.013994         0.190474043915E-01
0.591000           2.37599773          130.022244         0.182737787752E-01
0.591500           2.31152994          130.025862         0.177774629280E-01
0.592000           2.32307142          130.024853         0.178663645052E-01
0.592500           2.44436877          130.019225         0.188000564035E-01
0.593000           2.69630225          130.008986         0.207393529382E-01
0.593500           3.08196243          129.994144         0.237084713915E-01
0.594000           3.58413384          129.974706         0.275756257068E-01
0.594500           4.16570531          129.950682         0.320560479440E-01
0.595000           4.77320128          129.922082         0.367389530216E-01
0.595500           5.34321508          129.888916         0.411368055492E-01
0.596000           5.81105198          129.851193         0.447516256021E-01
0.596500           6.12042957          129.808925         0.471495281641E-01
0.597000           6.23273824          129.762123         0.480320305026E-01
0.597500           6.13424732          129.710798         0.472917244649E-01
0.598000           5.83982698          129.654963         0.450412914657E-01
0.598500           5.39225534          129.594630         0.416086324834E-01
0.599000           4.85692373          129.529813         0.374965703705E-01
0.599500           4.31259970          129.460524         0.333120829446E-01
0.600000           3.83967749          129.386777         0.296759651740E-01
0.600500           3.50786679          129.308588         0.271278718684E-01
0.601000           3.36542387          129.225969         0.260429376571E-01
0.601500           3.43178090          129.138938         0.265743311200E-01
0.602000           3.69483585          129.047509         0.286315938129E-01
0.602500           4.11335500          128.951697         0.318984168795E-01
0.603000           4.62407736          128.851521         0.358868668360E-01
0.603500           5.15235045          128.746995         0.400191899571E-01
0.604000           5.62458661          128.638138         0.437240985373E-01
0.604500           5.98056760          128.524966         0.465323412672E-01
0.605000           6.18364956          128.407499         0.481564520588E-01
0.605500           6.22720289          128.285753         0.485416558902E-01
0.606000           6.13611855          128.159749         0.478786718939E-01
0.606500           5.96287940          128.029504         0.465742600424E-01
0.607000           5.77848283          127.895038         0.451814465100E-01
0.607500           5.65934400          127.756372         0.442979392345E-01
0.608000           5.67210901          127.613525         0.444475537197E-01
0.608500           5.85892721          127.466518         0.459644407080E-01
0.609000           6.22601021          127.315372         0.489022663139E-01
0.609500           6.73809344          127.160107         0.529890511565E-01
0.610000           7.32063345          127.000747         0.576424440906E-01
0.610500           7.87025893          126.837312         0.620500293683E-01
0.611000           8.27233202          126.669825         0.653062560943E-01
0.611500           8.42279493          126.498308         0.665842495003E-01
0.612000           8.25017666          126.322785         0.653102813744E-01
0.612500           7.73309987          126.143279         0.613040973771E-01
0.613000           6.90910649          125.959813         0.548516729952E-01
0.613500           5.87213594          125.772412         0.466885849983E-01
0.614000           4.75829342          125.581099         0.378902037144E-01
0.614500           3.72215308          125.385899         0.296855794801E-01
0.615000           2.90813277          125.186837         0.232303398250E-01
0.615500           2.42285751          124.983939         0.193853509480E-01
0.616000           2.31448724          124.777229         0.185489553481E-01
0.616500           2.56362719          124.566733         0.205803518713E-01
0.617000           3.08793175          124.352477         0.248320887377E-01
0.617500           3.75943529          124.134488         0.302851796772E-01
0.618000           4.43074569          123.912793         0.357569673239E-01
0.618500           4.96424409          123.687417         0.401354009388E-01
0.619000           5.25785305          123.458389         0.425880581722E-01
0.619500           5.26190922          123.225735         0.427013822096E-01
0.620000           4.98394519          122.989484         0.405233443116E-01
0.620500           4.48115294          122.749662         0.365064380448E-01
0.621000           3.84319683          122.506299         0.313714222484E-01
0.621500           3.17013563          122.259422         0.259295812560E-01
0.622000           2.55099900          122.009061         0.209082749984E-01
0.622500           2.04791149          121.755244         0.168199038546E-01
0.623000           1.68881783          121.497999         0.138999641364E-01
0.623500           1.46939757          121.237358         0.121200065728E-01
0.624000           1.36235864          120.973348         0.112616429147E-01
0.624500           1.33060275          120.705999         0.110235013944E-01
0.625000           1.34015891          120.435343         0.111276214765E-01
0.625500           1.36935346          120.161408         0.113959505305E-01
0.626000           1.41216444          119.884225         0.117794016683E-01
0.626500           1.47560282          119.603825         0.123374217345E-01
0.627000           1.57270649          119.320238         0.131805510800E-01
0.627500           1.71384907          119.033495         0.143980404425E-01
0.628000           1.89930183          118.743627         0.159949790795E-01
0.628500           2.11536057          118.450666         0.178585790178E-01
0.629000           2.33512498          118.154642         0.197632943767E-01
0.629500           2.52359918          117.855588         0.214126391068E-01
0.630000           2.64558867          117.553535         0.225053944647E-01
0.630500           2.67420630          117.248501         0.228080211514E-01
0.631000           2.59779080          116.939894         0.222147524605E-01
0.631500           2.42360715          116.629090         0.207804687000E-01
0.632000           2.17761197          116.315362         0.187216195911E-01
0.632500           1.90053905          115.998794         0.163841276098E-01
0.633000           1.64133145          115.679421         0.141886209426E-01
0.633500           1.44935992          115.357275         0.125640964153E-01
0.634000           1.36689440          115.032389         0.118826915726E-01
0.634500           1.42301914          114.704796         0.124059253721E-01
0.635000           1.62974583          114.374529         0.142492025749E-01
0.635500           1.98062804          114.041621         0.173675893414E-01
0.636000           2.45181239          113.706106         0.215627153314E-01
0.636500           3.00520927          113.368016         0.265084400907E-01
0.637000           3.59330582          113.027386         0.317914617998E-01
0.637500           4.16503057          112.684248         0.369619591079E-01
0.638000           4.67197990          112.338637         0.415883621074E-01
0.638500           5.07423585          111.990585         0.453094860601E-01
0.639000           5.34498399          111.640127         0.478769072138E-01
0.639500           5.47323631          111.287296         0.491811420337E-01
0.640000           5.46421570          110.932126         0.492572880083E-01
0.640500           5.33735483          110.574652         0.482692438386E-01
0.641000           5.12233042          110.214906         0.464758406562E-01
0.641500           4.85397481          109.852924         0.441861231106E-01
0.642000           4.56715023          109.488738         0.417134247316E-01
0.642500           4.29264346          109.122384         0.393378820739E-01
0.643000           4.05482247          108.753894         0.372843887404E-01
0.643500           3.87126786          108.383304         0.357183044718E-01
0.644000           3.75400004          108.010648         0.347558331355E-01
0.644500           3.71145324          107.635959         0.344815365350E-01
0.645000           3.75015252          107.259271         0.349634346256E-01
0.645500           3.87520577          106.880620         0.362573286649E-01
0.646000           4.08918985          106.500039         0.383961347960E-01
0.646500           4.38964884          106.117562         0.413659036550E-01
0.647000           4.76602652          105.733224         0.450759595929E-01
0.647500           5.19722280          105.347058         0.493342946815E-01
0.648000           5.65095977          104.959099         0.538396366845E-01
0.648500           6.08574386          104.569381         0.581981434960E-01
0.649000           6.45552134          104.177939         0.619662994725E-01
0.649500           6.71633910          103.784805         0.647140888901E-01
0.650000           6.83367691          103.390015         0.660961014526E-01
0.650500           6.78880610          102.993602         0.659148332426E-01
0.651000           6.58265495          102.595600         0.641611816559E-01
0.651500           6.23619727          102.196044         0.610219048736E-01
0.652000           5.78718374          101.794967         0.568513741146E-01
0.652500           5.28388802          101.392402         0.521132539139E-01
0.653000           4.77721353          100.988385         0.473045838986E-01
0.653500           4.31283045          100.582948         0.428783459567E-01
0.654000           3.92491728          100.176126         0.391801665352E-01
0.654500           3.63261471          99.7679508         0.364106377203E-01
0.655000           3.43960451          99.3584573         0.346181351684E-01
0.655500           3.33649749          98.9476788         0.337198157038E-01
0.656000           3.30513669          98.5356484         0.335425477650E-01
0.656500           3.32362307          98.1223997         0.338722155339E-01
0.657000           3.37089260          97.7079657         0.344996702366E-01
0.657500           3.42996776          97.2923796         0.352542283230E-01
0.658000           3.48946222          96.8756745         0.360200044186E-01
0.658500           3.54339693          96.4578832         0.367351719960E-01
0.659000           3.58976782          96.0390388         0.373782147463E-01
0.659500           3.62851151          95.6191738         0.379475304192E-01
0.660000           3.65952929          95.1983210         0.384411116874E-01
0.660500           3.68128381          94.7765129         0.388417309401E-01
0.661000           3.69024587          94.3537818         0.391107362162E-01
0.661500           3.68121503          93.9301601         0.391909800216E-01
0.662000           3.64832980          93.5056800         0.390171998389E-01
0.662500           3.58645629          93.0803736         0.385307466617E-01
0.663000           3.49260550          92.6542727         0.376950290281E-01
0.663500           3.36706506          92.2274092         0.365082907024E-01
0.664000           3.21401568          91.7998147         0.350111347697E-01
0.664500           3.04151053          91.3715208         0.332872923839E-01
0.665000           2.86080789          90.9425588         0.314573058827E-01
0.665500           2.68514956          90.5129602         0.296659125881E-01
0.666000           2.52816163          90.0827558         0.280648789086E-01
0.666500           2.40211324          89.6519768         0.267937565254E-01
0.667000           2.31629489          89.2206539         0.259614201810E-01
0.667500           2.27576519          88.7888178         0.256312140448E-01
0.668000           2.28066138          88.3564991         0.258120387615E-01
0.668500           2.32618011          87.9237280         0.264567957115E-01
0.669000           2.40322616          87.4905347         0.274684132226E-01
0.669500           2.49961752          87.0569493         0.287124410266E-01
0.670000           2.60165031          86.6230017         0.300341740610E-01
0.670500           2.69578244          86.1887215         0.312776705382E-01
0.671000           2.77019885          85.7541383         0.323039669687E-01
0.671500           2.81606750          85.3192814         0.330062261367E-01
0.672000           2.82836778          84.8841800         0.333203169437E-01
0.672500           2.80625120          84.4488631         0.332301832913E-01
0.673000           2.75295742          84.0133595         0.327680911159E-01
0.673500           2.67534813          83.5776978         0.320103113330E-01
0.674000           2.58313472          83.1419065         0.310689858243E-01
0.674500           2.48787355          82.7060139         0.300809267941E-01
0.675000           2.40179716          82.2700481         0.291940654056E-01
0.675500           2.33655206          81.8340368         0.285523255706E-01
0.676000           2.30192815          81.3980079         0.282799077283E-01
0.676500           2.30468647          80.9619888         0.284662778295E-01
0.677000           2.34761003          80.5260068         0.291534389669E-01
0.677500           2.42890507          80.0900891         0.303271615215E-01
0.678000           2.54205808          79.6542625         0.319136478779E-01
0.678500           2.67620767          79.2185537         0.337825868334E-01
0.679000           2.81702695          78.7829893         0.357567919222E-01
0.679500           2.94804548          78.3475954         0.376277723233E-01
0.680000           3.05228254          77.9123983         0.391758257658E-01
0.680500           3.11402649          77.4774238         0.401926953184E-01
0.681000           3.12057896          77.0426976         0.405045391848E-01
0.681500           3.06378503          76.6082450         0.399928888148E-01
0.682000           2.94118396          76.1740915         0.386113428077E-01
0.682500           2.75663586          75.7402619         0.363959113770E-01
0.683000           2.52030760          75.3067812         0.334672065296E-01
0.683500           2.24794433          74.8736738         0.300231605390E-01
0.684000           1.95941842          74.4409642         0.263217765183E-01
0.684500           1.67664052          74.0086766         0.226546480106E-01
0.685000           1.42103146          73.5768339         0.193135717272E-01
0.685500           1.21086980          73.1454719         0.165542687979E-01
0.686000           1.05891630          72.7140698         0.145627428165E-01
0.686500          0.970740625          72.2837551         0.134295821200E-01
0.687000          0.944110569          71.8539361         0.131393020487E-01
0.687500          0.969643637          71.4246792         0.135757506837E-01
0.688000           1.03268681          70.9960072         0.145457027134E-01
0.688500           1.11612826          70.5679424         0.158163639446E-01
0.689000           1.20361881          70.1405070         0.171601099401E-01
0.689500           1.28255440          69.7137228         0.183974452704E-01
0.690000           1.34618734          69.2876115         0.194289760384E-01
0.690500           1.39440506          68.8621946         0.202492102901E-01
0.691000           1.43300818          68.4374932         0.209389343312E-01
0.691500           1.47166944          68.0135284         0.216378927878E-01
0.692000           1.52107315          67.5903209         0.225043042981E-01
0.692500           1.58993853          67.1678913         0.236711098540E-01
0.693000           1.68266141          66.7462597         0.252098232882E-01
0.693500           1.79815397          66.3254463         0.271110722451E-01
0.694000           1.93015671          65.9054708         0.292867448290E-01
0.694500           2.06891745          65.4863529         0.315931084628E-01
0.695000           2.20377636          65.0681119         0.338687614270E-01
0.695500           2.32595756          64.6507669         0.359772617737E-01
0.696000           2.43080980          64.2343367         0.378428411322E-01
0.696500           2.51887749          63.8188400         0.394691832513E-01
0.697000           2.59548516          63.4042952         0.409354784399E-01
0.697500           2.66890471          62.9907205         0.423698077147E-01
0.698000           2.74754859          62.5781337         0.439058889200E-01
0.698500           2.83689658          62.1665526         0.456338089281E-01
0.699000           2.93695405          61.7559946         0.475573920423E-01
0.699500           3.04093113          61.3464770         0.495697761497E-01
0.700000           3.13555443          60.9380166         0.514548159051E-01
0.700500           3.20304125          60.5306303         0.529160399041E-01
0.701000           3.22437503          60.1243345         0.536284526815E-01
0.701500           3.18320990          59.7191456         0.533030047875E-01
0.702000           3.06957437          59.3150795         0.517503204935E-01
0.702500           2.88257165          58.9121520         0.489300009327E-01
0.703000           2.63147798          58.5103787         0.449745504610E-01
0.703500           2.33497124          58.1097750         0.401820732666E-01
0.704000           2.01860556          57.7103558         0.349782206220E-01
0.704500           1.71100064          57.3121361         0.298540720979E-01
0.705000           1.43946447          56.9151305         0.252914199777E-01
0.705500           1.22586836          56.5193533         0.216893557371E-01
0.706000           1.08352969          56.1248187         0.193057138488E-01
0.706500           1.01564981          55.7315407         0.182239678715E-01
0.707000           1.01554993          55.3395328         0.183512559073E-01
0.707500           1.06860785          54.9488086         0.194473343019E-01
0.708000           1.15548816          54.5593812         0.211785423028E-01
0.708500           1.25603339          54.1712637         0.231863410062E-01
0.709000           1.35307963          53.7844687         0.251574415775E-01
0.709500           1.43549168          53.3990089         0.268823655416E-01
0.710000           1.49986993          53.0148965         0.282914807760E-01
0.710500           1.55063463          52.6321436         0.294617418786E-01
0.711000           1.59849853          52.2507620         0.305928270748E-01
0.711500           1.65764352          51.8707633         0.319571838750E-01
0.712000           1.74216807          51.4921589         0.338336574993E-01
0.712500           1.86252247          51.1149600         0.364379131368E-01
0.713000           2.02266714          50.7391774         0.398640112638E-01
0.713500           2.21856272          50.3648220         0.440498474216E-01
0.714000           2.43834535          49.9919042         0.487748044297E-01
0.714500           2.66419670          49.6204341         0.536915234460E-01
0.715000           2.87555208          49.2504220         0.583863439625E-01
0.715500           3.05297735          48.8818776         0.624562209893E-01
0.716000           3.18186359          48.5148104         0.655854070196E-01
0.716500           3.25508995          48.1492299         0.676041954824E-01
0.717000           3.27400837          47.7851453         0.685151913727E-01
0.717500           3.24747727          47.4225654         0.684795779542E-01
0.718000           3.18913824          47.0614991         0.677653348623E-01
0.718500           3.11358006          46.7019547         0.666691593596E-01
0.719000           3.03235001          46.3439407         0.654314234271E-01
0.719500           2.95086083          45.9874651         0.641666338410E-01
0.720000           2.86705913          45.6325357         0.628292747509E-01
0.720500           2.77229635          45.2791603         0.612267613632E-01
0.721000           2.65427340          44.9273464         0.590792382295E-01
0.721500           2.50135846          44.5771010         0.561130805999E-01
0.722000           2.30716253          44.2284314         0.521646927839E-01
0.722500           2.07412220          43.8813442         0.472666057341E-01
0.723000           1.81503835          43.5358462         0.416906641772E-01
0.723500           1.55201608          43.1919439         0.359329991261E-01
0.724000           1.31292121          42.8496433         0.306401900417E-01
0.724500           1.12613393          42.5089505         0.264916898757E-01
0.725000           1.01485458          42.1698715         0.240658684968E-01
0.725500          0.992361922          41.8324117         0.237223215778E-01
0.726000           1.05939257          41.4965766         0.255296379005E-01
0.726500           1.20425970          41.1623715         0.292563246542E-01
0.727000           1.40561182          40.8298014         0.344261243230E-01
0.727500           1.63705024          40.4988711         0.404221201710E-01
0.728000           1.87236977          40.1695854         0.466116280875E-01
0.728500           2.09008797          39.8419486         0.524594814875E-01
0.729000           2.27620486          39.5159651         0.576021579490E-01
0.729500           2.42469801          39.1916390         0.618677370536E-01
0.730000           2.53593089          38.8689741         0.652430621516E-01
0.730500           2.61373382          38.5479742         0.678046999371E-01
0.731000           2.66223325          38.2286428         0.696397532380E-01
0.731500           2.68347359          37.9109833         0.707835397662E-01
0.732000           2.67652250          37.5949988         0.711935784526E-01
0.732500           2.63820242          37.2806924         0.707659178057E-01
0.733000           2.56503375          36.9680670         0.693851196760E-01
0.733500           2.45558892          36.6571250         0.669880388838E-01
0.734000           2.31236092          36.3478691         0.636175097400E-01
0.734500           2.14246278          36.0403015         0.594463057973E-01
0.735000           1.95691004          35.7344243         0.547626015213E-01
0.735500           1.76873877          35.4302396         0.499217275743E-01
0.736000           1.59060183          35.1277491         0.452804938533E-01
0.736500           1.43263329          34.8269544         0.411357613295E-01
0.737000           1.30123282          34.5278571         0.376864634330E-01
0.737500           1.19905616          34.2304583         0.350289249840E-01
0.738000           1.12604335          33.9347593         0.331825943867E-01
0.738500           1.08094257          33.6407611         0.321319297660E-01
0.739000           1.06263021          33.3484644         0.318644420003E-01
0.739500           1.07064685          33.0578699         0.323870488928E-01
0.740000           1.10471702          32.7689782         0.337122816253E-01
0.740500           1.16346854          32.4817896         0.358191020485E-01
0.741000           1.24294291          32.1963042         0.386051424338E-01
0.741500           1.33564344          31.9125223         0.418532708015E-01
0.742000           1.43073058          31.6304436         0.452327067552E-01
0.742500           1.51558124          31.3500679         0.483437943221E-01
0.743000           1.57841158          31.0713949         0.507995080593E-01
0.743500           1.61120905          30.7944240         0.523214542027E-01
0.744000           1.61200139          30.5191546         0.528193330692E-01
0.744500           1.58560761          30.2455858         0.524244305103E-01
0.745000           1.54245113          29.9737166         0.514601224166E-01
0.745500           1.49563800          29.7035461         0.503521698813E-01
0.746000           1.45710714          29.4350729         0.495024129757E-01
0.746500           1.43403388          29.1682958         0.491641296829E-01
0.747000           1.42666848          28.9032132         0.493602033967E-01
0.747500           1.42839361          28.6398235         0.498743859038E-01
0.748000           1.42810007          28.3781250         0.503239758051E-01
0.748500           1.41422164          28.1181157         0.502957471725E-01
0.749000           1.37918585          27.8597925         0.495045267977E-01
0.749500           1.32283061          27.6031890         0.479231080738E-01
0.750000           1.25359145          27.3482352         0.458381114048E-01
