# ort(start) =    -8.1790
#   klo  khi step start
#%    4   91    1    4

# Energy[ev]             flux               DELTA(E)           Probability
0.880000           2.44245469          56.7410467         0.430456403340E-01
0.880540           2.34752098          57.0696669         0.411343032547E-01
0.881080           2.26639228          57.3983731         0.394853051152E-01
0.881620           2.18968742          57.7271474         0.379316754321E-01
0.882160           2.10498977          58.0559715         0.362579372427E-01
0.882700           2.00377335          58.3848274         0.343201040218E-01
0.883240           1.88630453          58.7136968         0.321271633184E-01
0.883780           1.76287062          59.0425614         0.298576242973E-01
0.884320           1.65114633          59.3714029         0.278104651765E-01
0.884860           1.57090062          59.7002028         0.263131537556E-01
0.885400           1.53806397          60.0289427         0.256220400603E-01
0.885940           1.56018210          60.3576039         0.258489734745E-01
0.886480           1.63457174          60.6861679         0.269348320930E-01
0.887020           1.74942762          61.0146161         0.286722711999E-01
0.887560           1.88715236          61.3429296         0.307639751364E-01
0.888100           2.02864015          61.6710897         0.328945080114E-01
0.888640           2.15725479          61.9990775         0.347949498432E-01
0.889180           2.26167395          62.3268743         0.362872994315E-01
0.889720           2.33734165          62.6544610         0.373052711280E-01
0.890260           2.38669728          62.9818186         0.378950200696E-01
0.890800           2.41848197          63.3089282         0.382012780847E-01
0.891340           2.44630235          63.6357707         0.384422521928E-01
0.891880           2.48644201          63.9623270         0.388735389222E-01
0.892420           2.55486828          64.2885779         0.397406251648E-01
0.892960           2.66359939          64.6145043         0.412229330506E-01
0.893500           2.81701652          64.9400870         0.433786995359E-01
0.894040           3.00910964          65.2653066         0.461058072136E-01
0.894580           3.22276819          65.5901440         0.491349462079E-01
0.895120           3.43188944          65.9145797         0.520657106840E-01
0.895660           3.60629905          66.2385946         0.544440756389E-01
0.896200           3.71850145          66.5621692         0.558650881134E-01
0.896740           3.75047859          66.8852847         0.560732993856E-01
0.897280           3.69849357          67.2079229         0.550306184703E-01
0.897820           3.57430459          67.5300475         0.529290993737E-01
0.898360           3.40225787          67.8519996         0.501423376087E-01
0.898900           3.21304901          68.1730649         0.471307694392E-01
0.899440           3.03604329          68.4935879         0.443259490591E-01
0.899980           2.89250964          68.8135365         0.420340210764E-01
0.900520           2.79176885          69.1328894         0.403826437478E-01
0.901060           2.73121251          69.4516271         0.393253927470E-01
0.901600           2.69980564          69.7697301         0.386959449680E-01
0.902140           2.68354141          70.0871788         0.382886208153E-01
0.902680           2.67078379          70.4039538         0.379351392814E-01
0.903220           2.65567507          70.7200356         0.375519476321E-01
0.903760           2.63866685          71.0354047         0.371457988260E-01
0.904300           2.62438096          71.3500417         0.367817718990E-01
0.904840           2.61797378          71.6639270         0.365312632307E-01
0.905380           2.62161611          71.9770412         0.364229491114E-01
0.905920           2.63249448          72.2893650         0.364160686768E-01
0.906460           2.64303062          72.6008787         0.364049398449E-01
0.907000           2.64312322          72.9115632         0.362510842059E-01
0.907540           2.62349733          73.2213989         0.358296532368E-01
0.908080           2.57894999          73.5303665         0.350732645014E-01
0.908620           2.51045863          73.8384466         0.339993424533E-01
0.909160           2.42563610          74.1456200         0.327144894107E-01
0.909700           2.33762384          74.4518673         0.313977866420E-01
0.910240           2.26297276          74.7571693         0.302709797463E-01
0.910780           2.21922989          75.0615067         0.295654855494E-01
0.911320           2.22283113          75.3648604         0.294942645025E-01
0.911860           2.28760926          75.6672112         0.302325039019E-01
0.912400           2.42391918          75.9685400         0.319068811908E-01
0.912940           2.63817691          76.2688277         0.345905003264E-01
0.913480           2.93255027          76.5680552         0.382999184293E-01
0.914020           3.30459708          76.8662037         0.429915479621E-01
0.914560           3.74676100          77.1632540         0.485562856361E-01
0.915100           4.24575913          77.4591874         0.548128540179E-01
0.915640           4.78201746          77.7539850         0.615018955528E-01
0.916180           5.32943925          78.0476280         0.682844488002E-01
0.916720           5.85591851          78.3400976         0.747499516820E-01
0.917260           6.32507915          78.6313752         0.804396353346E-01
0.917800           6.69963033          78.9214421         0.848898619580E-01
0.918340           6.94638862          79.2102799         0.876955444745E-01
0.918880           7.04242196          79.4978699         0.885862975838E-01
0.919420           6.98105602          79.7841939         0.874992361675E-01
0.919960           6.77592737          80.0692333         0.846258555731E-01
0.920500           6.46120017          80.3529699         0.804102222768E-01
0.921040           6.08671894          80.6353855         0.754844650402E-01
0.921580           5.70823998          80.9164619         0.705448538491E-01
0.922120           5.37463751          81.1961810         0.661932303270E-01
0.922660           5.11552198          81.4745250         0.627867665982E-01
0.923200           4.93336754          81.7514757         0.603459142241E-01
0.923740           4.80354931          82.0270154         0.585605764225E-01
0.924280           4.68360263          82.3011264         0.569081230787E-01
0.924820           4.53004279          82.5737909         0.548605403484E-01
0.925360           4.31816833          82.8449914         0.521234688066E-01
0.925900           4.05849692          83.1147104         0.488300674663E-01
0.926440           3.80366761          83.3829305         0.456168616838E-01
0.926980           3.64199247          83.6496344         0.435386537382E-01
0.927520           3.67779157          83.9148048         0.438276843006E-01
0.928060           4.00299544          84.1784246         0.475536986994E-01
0.928600           4.66778867          84.4404768         0.552790420278E-01
0.929140           5.65909280          84.7009446         0.668126291505E-01
0.929680           6.89394772          84.9598110         0.811436329854E-01
0.930220           8.23077690          85.2170593         0.965860235770E-01
0.930760           9.49635365          85.4726730         0.111103974154    
0.931300           10.5216670          85.7266355         0.122735097303    
0.931840           11.1772966          85.9789305         0.130000414319    
0.932380           11.3991534          86.2295416         0.132195454569    
0.932920           11.1983810          86.4784527         0.129493309580    
0.933460           10.6538321          86.7256478         0.122845229625    
0.934000           9.89031608          86.9711108         0.113719555663    
0.934540           9.04928652          87.2148260         0.103758580173    
0.935080           8.25986732          87.4567777         0.944451365704E-01
0.935620           7.61697695          87.6969503         0.868556651189E-01
0.936160           7.17045100          87.9353283         0.815423236232E-01
0.936700           6.92559815          88.1718964         0.785465485770E-01
0.937240           6.85269405          88.4066395         0.775133416712E-01
0.937780           6.90128843          88.6395423         0.778578978928E-01
0.938320           7.01506474          88.8705900         0.789357281925E-01
0.938860           7.14400675          89.0997677         0.801798583150E-01
0.939400           7.25215440          89.3270609         0.811865332739E-01
0.939940           7.32064746          89.5524548         0.817470327835E-01
0.940480           7.34669287          89.7759351         0.818336546555E-01
0.941020           7.33951147          89.9974876         0.815524040754E-01
0.941560           7.31442710          90.2170980         0.810758410857E-01
0.942100           7.28630369          90.4347524         0.805697311288E-01
0.942640           7.26362998          90.6504370         0.801279091730E-01
0.943180           7.24460941          90.8641379         0.797301287158E-01
0.943720           7.21641507          91.0758417         0.792352278577E-01
0.944260           7.15813548          91.2855349         0.784147836970E-01
0.944800           7.04688997          91.4932043         0.770209112418E-01
0.945340           6.86542774          91.6988367         0.748693002742E-01
0.945880           6.60872015          91.9024191         0.719101871082E-01
0.946420           6.28706066          92.1039387         0.682604973036E-01
0.946960           5.92418004          92.3033829         0.641816135155E-01
0.947500           5.55063128          92.5007390         0.600063451896E-01
0.948040           5.19458236          92.6959949         0.560389083440E-01
0.948580           4.87340463          92.8891382         0.524647415810E-01
0.949120           4.58945408          93.0801569         0.493064713107E-01
0.949660           4.33206850          93.2690391         0.464470154478E-01
0.950200           4.08546901          93.4557731         0.437155338602E-01
0.950740           3.83983234          93.6403473         0.410061736758E-01
0.951280           3.60127126          93.8227502         0.383837742180E-01
0.951820           3.39651435          94.0029708         0.361319894496E-01
0.952360           3.26979656          94.1809978         0.347182194930E-01
0.952900           3.27227166          94.3568204         0.346797575893E-01
0.953440           3.44708517          94.5304279         0.364653503372E-01
0.953980           3.81500002          94.7018096         0.402843413545E-01
0.954520           4.36544394          94.8709551         0.460145461273E-01
0.955060           5.05603498          95.0378542         0.532002223785E-01
0.955600           5.82073497          95.2024968         0.611405705664E-01
0.956140           6.58389954          95.3648731         0.690390426264E-01
0.956680           7.27572830          95.5249732         0.761657192912E-01
0.957220           7.84458645          95.6827877         0.819853459333E-01
0.957760           8.26326886          95.8383072         0.862209392274E-01
0.958300           8.52875755          95.9915225         0.888490704742E-01
0.958840           8.65731185          96.1424245         0.900467394123E-01
0.959380           8.67790553          96.2910045         0.901216638121E-01
0.959920           8.62670493          96.4372536         0.894540710137E-01
0.960460           8.54377270          96.5811635         0.884621015893E-01
0.961000           8.47131760          96.7227259         0.875835283366E-01
0.961540           8.45156257          96.8619325         0.872537058613E-01
0.962080           8.52232489          96.9987754         0.878601286421E-01
0.962620           8.70972546          97.1332470         0.896678092946E-01
0.963160           9.01945107          97.2653395         0.927303716028E-01
0.963700           9.42969365          97.3950456         0.968190280459E-01
0.964240           9.88936791          97.5223580         0.101406160702    
0.964780           10.3240536          97.6472697         0.105728031817    
0.965320           10.6496311          97.7697739         0.108925598342    
0.965860           10.7907054          97.8898639         0.110233123100    
0.966400           10.6988149          98.0075332         0.109163189578    
0.966940           10.3650026          98.1227754         0.105632994236    
0.967480           9.82285231          98.2355846         0.999928116859E-01
0.968020           9.14103944          98.3459547         0.929477930571E-01
0.968560           8.40771846          98.4538800         0.853975329173E-01
0.969100           7.71145973          98.5593550         0.782417836258E-01
0.969640           7.12410543          98.6623742         0.722069125446E-01
0.970180           6.68971353          98.7629326         0.677350636985E-01
0.970720           6.42130431          98.8610251         0.649528395880E-01
0.971260           6.30447677          98.9566470         0.637094825525E-01
0.971800           6.30516521          99.0497936         0.636565204427E-01
0.972340           6.37843737          99.1404604         0.643373789033E-01
0.972880           6.47618901          99.2286433         0.652653184770E-01
0.973420           6.55316361          99.3143383         0.659840635669E-01
0.973960           6.57199398          99.3975414         0.661182750568E-01
0.974500           6.50823045          99.4782490         0.654236530293E-01
0.975040           6.35547453          99.5564577         0.638378933710E-01
0.975580           6.12930742          99.6321641         0.615193645674E-01
0.976120           5.86760729          99.7053651         0.588494639126E-01
0.976660           5.62493628          99.7760579         0.563756115210E-01
0.977200           5.46027049          99.8442398         0.546878868834E-01
0.977740           5.42001044          99.9099081         0.542489782775E-01
0.978280           5.52087529          99.9730607         0.552236297680E-01
0.978820           5.73867253          100.033695         0.573673951422E-01
0.979360           6.00813781          100.091810         0.600262680257E-01
0.979900           6.23598087          100.147403         0.622680237656E-01
0.980440           6.32484328          100.200473         0.631218905795E-01
0.980980           6.20165837          100.251018         0.618613006781E-01
0.981520           5.84158015          100.299038         0.582416370842E-01
0.982060           5.27930762          100.344533         0.526118110465E-01
0.982600           4.60328337          100.387447         0.458551691348E-01
0.983140           3.93374747          100.427884         0.391698730897E-01
0.983680           3.39106273          100.465789         0.337534075534E-01
0.984220           3.06411840          100.501165         0.304883867293E-01
0.984760           2.98868590          100.534013         0.297281071400E-01
0.985300           3.14226392          100.564331         0.312463065552E-01
0.985840           3.45638727          100.592121         0.343604173658E-01
0.986380           3.84157512          100.617383         0.381800340512E-01
0.986920           4.21612095          100.640118         0.418930446495E-01
0.987460           4.52913668          100.660326         0.449942580911E-01
0.988000           4.77082007          100.678009         0.473869133648E-01
0.988540           4.96775734          100.693167         0.493355952334E-01
0.989080           5.16635612          100.705803         0.513014738265E-01
0.989620           5.41131539          100.715918         0.537285019002E-01
0.990160           5.72711737          100.723513         0.568597855029E-01
0.990700           6.10869320          100.728592         0.606450771091E-01
0.991240           6.52357225          100.731155         0.647622105630E-01
0.991780           6.92354511          100.731205         0.687328729619E-01
0.992320           7.26074818          100.728745         0.720821865040E-01
0.992860           7.50212853          100.723777         0.744821999371E-01
0.993400           7.63757619          100.716305         0.758325691493E-01
0.993940           7.67985372          100.706332         0.762598895277E-01
0.994480           7.65756670          100.693860         0.760480006129E-01
0.995020           7.60460907          100.678893         0.755333005822E-01
0.995560           7.55010442          100.661435         0.750049356259E-01
0.996100           7.51188399          100.641489         0.746400323099E-01
0.996640           7.49464494          100.619060         0.744853405882E-01
0.997180           7.49203185          100.594151         0.744778075670E-01
0.997720           7.49074392          100.566768         0.744852806644E-01
0.998260           7.47470168          100.536914         0.743478331110E-01
0.998800           7.42809512          100.504594         0.739080160321E-01
0.999340           7.33721527          100.469813         0.730290530170E-01
0.999880           7.19173012          100.432575         0.716075446481E-01
 1.00042           6.98614978          100.392887         0.695880949736E-01
 1.00096           6.72168050          100.350754         0.669818636558E-01
 1.00150           6.40788707          100.306180         0.638832727903E-01
 1.00204           6.06307818          100.259172         0.604740499505E-01
 1.00258           5.71246048          100.209736         0.570050449007E-01
 1.00312           5.38388544          100.157877         0.537539893522E-01
 1.00366           5.10209997          100.103601         0.509681959224E-01
 1.00420           4.88327100          100.046916         0.488098102336E-01
 1.00474           4.73172619          99.9878276         0.473230222764E-01
 1.00528           4.64018046          99.9263421         0.464360083877E-01
 1.00582           4.59343889          99.8624667         0.459976509556E-01
 1.00636           4.57421961          99.7962083         0.458356052844E-01
 1.00690           4.56891878          99.7275741         0.458139969974E-01
 1.00744           4.57122213          99.6565713         0.458697512108E-01
 1.00798           4.58243424          99.5832075         0.460161341806E-01
 1.00852           4.60882794          99.5074903         0.463163921105E-01
 1.00906           4.65757879          99.4294274         0.468430615346E-01
 1.00960           4.73337494          99.3490267         0.476438984260E-01
 1.01014           4.83734269          99.2662964         0.487309677656E-01
 1.01068           4.96870417          99.1812446         0.500972153547E-01
 1.01122           5.12814751          99.0938797         0.517503959007E-01
 1.01176           5.32091243          99.0042103         0.537443045310E-01
 1.01230           5.55755472          98.9122449         0.561867211028E-01
 1.01284           5.85131459          98.8179925         0.592130485265E-01
 1.01338           6.21258319          98.7214620         0.629304212405E-01
 1.01392           6.64245101          98.6226625         0.673521768948E-01
 1.01446           7.12804681          98.5216032         0.723500895215E-01
 1.01500           7.64196123          98.4182935         0.776477721617E-01
 1.01554           8.14660330          98.3127429         0.828641644917E-01
 1.01608           8.60242468          98.2049611         0.875966405561E-01
 1.01662           8.97735277          98.0949579         0.915169644080E-01
 1.01716           9.25418092          97.9827433         0.944470486460E-01
 1.01770           9.43335153          97.8683272         0.963881962323E-01
 1.01824           9.53028816          97.7517199         0.974948385945E-01
 1.01878           9.56850241          97.6329318         0.980048661162E-01
 1.01932           9.57128261          97.5119732         0.981549474816E-01
 1.01986           9.55521750          97.3888548         0.981140759971E-01
 1.02040           9.52793552          97.2635872         0.979599436767E-01
 1.02094           9.49060770          97.1361814         0.977041465390E-01
 1.02148           9.44372454          97.0066482         0.973513126137E-01
 1.02202           9.39325731          96.8749988         0.969626572547E-01
 1.02256           9.35413197          96.7412444         0.966922848999E-01
 1.02310           9.34906192          96.6053963         0.967757731846E-01
 1.02364           9.40275027          96.4674660         0.974706878951E-01
 1.02418           9.53348068          96.3274649         0.989694962807E-01
 1.02472           9.74534434          96.1854048         0.101318327454    
 1.02526           10.0242857          96.0412975         0.104374742120    
 1.02580           10.3397997          95.8951549         0.107824005384    
 1.02634           10.6520018          95.7469890         0.111251558732    
 1.02688           10.9217426          95.5968119         0.114247979370    
 1.02742           11.1202633          95.4446358         0.116510091574    
 1.02796           11.2350339          95.2904731         0.117903013084    
 1.02850           11.2698397          95.1343362         0.118462378276    
 1.02904           11.2393192          94.9762377         0.118338222884    
 1.02958           11.1602016          94.8161902         0.117703544018    
 1.03012           11.0426661          94.6542065         0.116663237212    
 1.03066           10.8851224          94.4902993         0.115198306037    
 1.03120           10.6743675          94.3244817         0.113166457929    
 1.03174           10.3910291          94.1567667         0.110358814310    
 1.03228           10.0182378          93.9871674         0.106591549927    
 1.03282           9.55029885          93.8156970         0.101798517273    
 1.03336           8.99816572          93.6423688         0.960907528914E-01
 1.03390           8.38969859          93.4671963         0.897608885561E-01
 1.03444           7.76455496          93.2901930         0.832301307607E-01
 1.03498           7.16541667          93.1113723         0.769553331077E-01
 1.03552           6.62844526          92.9307480         0.713267180183E-01
 1.03606           6.17599413          92.7483338         0.665887340263E-01
 1.03660           5.81369967          92.5641436         0.628072538768E-01
 1.03714           5.53250056          92.3781912         0.598896826886E-01
 1.03768           5.31448334          92.1904906         0.576467627973E-01
 1.03822           5.14029609          92.0010558         0.558721423497E-01
 1.03876           4.99557292          91.8099011         0.544121370004E-01
 1.03930           4.87440456          91.6170406         0.532041258452E-01
 1.03984           4.77909724          91.4224885         0.522748539748E-01
 1.04038           4.71681587          91.2262593         0.517045849125E-01
 1.04092           4.69472744          91.0283673         0.515743342321E-01
 1.04146           4.71562345          90.8288270         0.519176962153E-01
 1.04200           4.77563809          90.6276530         0.526951534994E-01
 1.04254           4.86478106          90.4248599         0.537991551138E-01
 1.04308           4.96992886          90.2204623         0.550864929267E-01
 1.04362           5.07905356          90.0144750         0.564248534323E-01
 1.04416           5.18509528          89.8069127         0.577360374833E-01
 1.04470           5.28808907          89.5977903         0.590203067051E-01
 1.04524           5.39482066          89.3871228         0.603534435016E-01
 1.04578           5.51614354          89.1749250         0.618575629867E-01
 1.04632           5.66283810          88.9612119         0.636551366381E-01
 1.04686           5.84129868          88.7459987         0.658204173989E-01
 1.04740           6.05030199          88.5293004         0.683423676056E-01
 1.04794           6.27970795          88.3111322         0.711089055058E-01
 1.04848           6.51134879          88.0915092         0.739157365953E-01
 1.04902           6.72179091          87.8704468         0.764966056457E-01
 1.04956           6.88627239          87.6479601         0.785674005399E-01
 1.05010           6.98299379          87.4240646         0.798749614134E-01
 1.05064           6.99702910          87.1987756         0.802422861312E-01
 1.05118           6.92331571          86.9721084         0.796038619669E-01
 1.05172           6.76836244          86.7440786         0.780267949689E-01
 1.05226           6.55042208          86.5147016         0.757145544503E-01
 1.05280           6.29793209          86.2839929         0.729907353227E-01
 1.05334           6.04611913          86.0519680         0.702612534270E-01
 1.05388           5.83188698          85.8186425         0.679559453749E-01
 1.05442           5.68749603          85.5840320         0.664551073503E-01
 1.05496           5.63403016          85.3481521         0.660123273478E-01
 1.05550           5.67605947          85.1110185         0.666900662608E-01
 1.05604           5.79902984          84.8726469         0.683262518444E-01
 1.05658           5.97057261          84.6330528         0.705465821279E-01
 1.05712           6.14610322          84.3922521         0.728278137877E-01
 1.05766           6.27792973          84.1502604         0.746038063765E-01
 1.05820           6.32595019          83.9070936         0.753923168848E-01
 1.05874           6.26728113          83.6627673         0.749112338788E-01
 1.05928           6.10214950          83.4172973         0.731520883337E-01
 1.05982           5.85420586          83.1706995         0.703878396238E-01
 1.06036           5.56490391          82.9229896         0.671093014965E-01
 1.06090           5.28331070          82.6741835         0.639052056873E-01
 1.06144           5.05410963          82.4242970         0.613182012589E-01
 1.06198           4.90714998          82.1733458         0.597170522022E-01
 1.06252           4.85144395          81.9213458         0.592207549281E-01
 1.06306           4.87513032          81.6683129         0.596942699199E-01
 1.06360           4.95105656          81.4142629         0.608131349891E-01
 1.06414           5.04590415          81.1592117         0.621729074297E-01
 1.06468           5.12978370          80.9031749         0.634064572034E-01
 1.06522           5.18329109          80.6461686         0.642720067391E-01
 1.06576           5.20009834          80.3882085         0.646873270583E-01
 1.06630           5.18484143          80.1293105         0.647059284694E-01
 1.06684           5.14773650          79.8694903         0.644518510859E-01
 1.06738           5.09839737          79.6087639         0.640431672039E-01
 1.06792           5.04138433          79.3471469         0.635357984093E-01
 1.06846           4.97510539          79.0846551         0.629086057692E-01
 1.06900           4.89420844          78.8213045         0.620924568005E-01
 1.06954           4.79414258          78.5571107         0.610274810754E-01
 1.07008           4.67570618          78.2920894         0.597213104560E-01
 1.07062           4.54745910          78.0262565         0.582811390195E-01
 1.07116           4.42480867          77.7596275         0.569036762728E-01
 1.07170           4.32598513          77.4922184         0.558247682366E-01
 1.07224           4.26642381          77.2240446         0.552473499081E-01
 1.07278           4.25374124          76.9551219         0.552756091298E-01
 1.07332           4.28526863          76.6854658         0.558811057679E-01
 1.07386           4.34909333          76.4150922         0.569140625283E-01
 1.07440           4.42817772          76.1440164         0.581552948057E-01
 1.07494           4.50594037          75.8722543         0.593885131513E-01
 1.07548           4.57116932          75.5998173         0.604653487749E-01
 1.07602           4.62048434          75.3265903         0.613393534396E-01
 1.07656           4.65761199          75.0528017         0.620578030819E-01
 1.07710           4.69003874          74.7784436         0.627191275915E-01
 1.07764           4.72462597          74.5034815         0.634148347547E-01
 1.07818           4.76409588          74.2279260         0.641819883961E-01
 1.07872           4.80581827          73.9517920         0.649858258280E-01
 1.07926           4.84326746          73.6750948         0.657381910234E-01
 1.07980           4.86934078          73.3978498         0.663417361414E-01
 1.08034           4.87993618          73.1200720         0.667386676289E-01
 1.08088           4.87610851          72.8417768         0.669410979427E-01
 1.08142           4.86378474          72.5629791         0.670284598953E-01
 1.08196           4.85112387          72.2836943         0.671122847760E-01
 1.08250           4.84467702          72.0039372         0.672835015568E-01
 1.08304           4.84607081          71.7237230         0.675658012014E-01
 1.08358           4.85075282          71.4430665         0.678967612115E-01
 1.08412           4.84947005          71.1619827         0.681469215809E-01
 1.08466           4.83196399          70.8804865         0.681705816054E-01
 1.08520           4.79136394          70.5985927         0.678676976513E-01
 1.08574           4.72737782          70.3163160         0.672301690761E-01
 1.08628           4.64679914          70.0336713         0.663509288314E-01
 1.08682           4.56091942          69.7506731         0.653888947946E-01
 1.08736           4.48072954          69.4673361         0.645012432378E-01
 1.08790           4.41178352          69.1836748         0.637691411442E-01
 1.08844           4.35086530          68.8997037         0.631478085059E-01
 1.08898           4.28600903          68.6154374         0.624642091944E-01
 1.08952           4.20018420          68.3308901         0.614683079997E-01
 1.09006           4.07753694          68.0460763         0.599231749976E-01
 1.09060           3.91002909          67.7610102         0.577032291146E-01
 1.09114           3.70204893          67.4757060         0.548649159234E-01
 1.09168           3.47120035          67.1901778         0.516623182575E-01
 1.09222           3.24478582          66.9044399         0.484988115163E-01
 1.09276           3.05300358          66.6185061         0.458281604050E-01
 1.09330           2.92103183          66.3323905         0.440362815467E-01
 1.09384           2.86255750          66.0461070         0.433418050694E-01
 1.09438           2.87679773          65.7596694         0.437471439879E-01
 1.09492           2.94985566          65.4730915         0.450544734269E-01
 1.09546           3.05979264          65.1863870         0.469391353426E-01
 1.09600           3.18360121          64.8995695         0.490542731536E-01
 1.09654           3.30373079          64.6126526         0.511313289036E-01
 1.09708           3.41210030          64.3256498         0.530441637633E-01
 1.09762           3.51048866          64.0385746         0.548183448488E-01
 1.09816           3.60746109          63.7514402         0.565863465266E-01
 1.09870           3.71312074          63.4642600         0.585072722583E-01
 1.09924           3.83360537          63.1770472         0.606803506475E-01
 1.09978           3.96720785          62.8898149         0.630818814997E-01
 1.10032           4.10335619          62.6025762         0.655461234573E-01
 1.10086           4.22470233          62.3153441         0.677955388945E-01
 1.10140           4.31158253          62.0281314         0.695101146701E-01
 1.10194           4.34743296          61.7409512         0.704140910124E-01
 1.10248           4.32354622          61.4538160         0.703543978390E-01
 1.10302           4.24184294          61.1667386         0.693488492733E-01
 1.10356           4.11496663          60.8797317         0.675917339507E-01
 1.10410           3.96376862          60.5928077         0.654164870957E-01
 1.10464           3.81291049          60.3059790         0.632260773716E-01
 1.10518           3.68571613          60.0192581         0.614088919082E-01
 1.10572           3.59949018          59.7326573         0.602600041652E-01
 1.10626           3.56231149          59.4461887         0.599249769637E-01
 1.10680           3.57190020          59.1598645         0.603770855840E-01
 1.10734           3.61666235          58.8736967         0.614308690373E-01
 1.10788           3.67855035          58.5876973         0.627870784737E-01
 1.10842           3.73702909          58.3018782         0.640979194338E-01
 1.10896           3.77326214          58.0162512         0.650380206639E-01
 1.10950           3.77365018          57.7308279         0.653662924718E-01
 1.11004           3.73205029          57.4456200         0.649666638533E-01
 1.11058           3.65033135          57.1606391         0.638609260537E-01
 1.11112           3.53730325          56.8758966         0.621933623832E-01
 1.11166           3.40640627          56.5914039         0.601929981091E-01
 1.11220           3.27278000          56.3071722         0.581236789282E-01
 1.11274           3.15039522          56.0232128         0.562337477761E-01
 1.11328           3.04982196          55.7395368         0.547155957171E-01
 1.11382           2.97696857          55.4561551         0.536814816086E-01
 1.11436           2.93284231          55.1730788         0.531571261005E-01
 1.11490           2.91414343          54.8903186         0.530902989793E-01
 1.11544           2.91437842          54.6078853         0.533691864596E-01
 1.11598           2.92518164          54.3257897         0.538451747033E-01
 1.11652           2.93763358          54.0440422         0.543562890615E-01
 1.11706           2.94348773          53.7626533         0.547496737476E-01
 1.11760           2.93629500          53.4816335         0.549028667837E-01
 1.11814           2.91240497          53.2009930         0.547434324902E-01
 1.11868           2.87173901          52.9207421         0.542649043724E-01
 1.11922           2.81813097          52.6408909         0.535350166293E-01
 1.11976           2.75899522          52.3614494         0.526913454719E-01
 1.12030           2.70416780          52.0824276         0.519209247740E-01
 1.12084           2.66397919          51.8038352         0.514243621968E-01
 1.12138           2.64689664          51.5256822         0.513704336669E-01
 1.12192           2.65731385          51.2479781         0.518520721140E-01
 1.12246           2.69415313          50.9707324         0.528568652025E-01
 1.12300           2.75081306          50.6939548         0.542631378284E-01
 1.12354           2.81665244          50.4176545         0.558663918578E-01
 1.12408           2.87974402          50.1418409         0.574319562960E-01
 1.12462           2.93020772          49.8665231         0.587610190409E-01
 1.12516           2.96319533          49.5917103         0.597518277528E-01
 1.12570           2.98063984          49.3174115         0.604378807547E-01
 1.12624           2.99120595          49.0436356         0.609907057635E-01
 1.12678           3.00838598          48.7703914         0.616846799694E-01
 1.12732           3.04721507          48.4976876         0.628321724740E-01
 1.12786           3.12046381          48.2255329         0.647056366728E-01
 1.12840           3.23528771          47.9539358         0.674665728445E-01
 1.12894           3.39114668          47.6829049         0.711187099703E-01
 1.12948           3.57942572          47.4124483         0.754954838168E-01
 1.13002           3.78472510          47.1425744         0.802825289564E-01
 1.13056           3.98739344          46.8732914         0.850674940892E-01
 1.13110           4.16665644          46.6046073         0.894043889909E-01
 1.13164           4.30368114          46.3365301         0.928787962757E-01
 1.13218           4.38406968          46.0690677         0.951629782398E-01
 1.13272           4.39950734          45.8022278         0.960544398699E-01
 1.13326           4.34850331          45.5360182         0.954959060467E-01
 1.13380           4.23629843          45.2704464         0.935775714000E-01
 1.13434           4.07406114          45.0055200         0.905235877106E-01
 1.13488           3.87748915          44.7412464         0.866647548031E-01
 1.13542           3.66493102          44.4776329         0.823994170754E-01
 1.13596           3.45517998          44.2146866         0.781455269442E-01
 1.13650           3.26517332          43.9524148         0.742888264854E-01
 1.13704           3.10791835          43.6908244         0.711343490180E-01
 1.13758           2.99100470          43.4299225         0.688696762116E-01
 1.13812           2.91600543          43.1697158         0.675474780853E-01
 1.13866           2.87890892          42.9102110         0.670914649447E-01
 1.13920           2.87149404          42.6514150         0.673247075320E-01
 1.13974           2.88333644          42.3933341         0.680139106811E-01
 1.14028           2.90398936          42.1359749         0.689194771408E-01
 1.14082           2.92486919          41.8793438         0.698403776736E-01
 1.14136           2.94049594          41.6234470         0.706451808481E-01
 1.14190           2.94894435          41.3682908         0.712851388221E-01
 1.14244           2.95157548          41.1138812         0.717902419460E-01
 1.14298           2.95226843          40.8602242         0.722528691505E-01
 1.14352           2.95641610          40.6073257         0.728049939802E-01
 1.14406           2.96989561          40.3551916         0.735938918752E-01
 1.14460           2.99812147          40.1038276         0.747589855989E-01
 1.14514           3.04520105          39.8532394         0.764103770215E-01
 1.14568           3.11318470          39.6034324         0.786089616446E-01
 1.14622           3.20144679          39.3544121         0.813491198898E-01
 1.14676           3.30631323          39.1061839         0.845470690761E-01
 1.14730           3.42110822          38.8587531         0.880395778295E-01
 1.14784           3.53677222          38.6121248         0.915974513980E-01
 1.14838           3.64308561          38.3663041         0.949553440980E-01
 1.14892           3.73034503          38.1212961         0.978546223305E-01
 1.14946           3.79115256          37.8771056         0.100090872826    
 1.15000           3.82187032          37.6337381         0.101554363426    
