    -8.40000000  0.215629746340E+01
    -8.29209302  0.217027597535E+01
    -8.18418605  0.213846152310E+01
    -8.07627907  0.206423316152E+01
    -7.96837209  0.195254920443E+01
    -7.86046512  0.180746561553E+01
    -7.75255814  0.163238131162E+01
    -7.64465116  0.143182348865E+01
    -7.53674419  0.121003529139E+01
    -7.42883721  0.973434005072E+00
    -7.32093023  0.730117993337E+00
    -7.21302326  0.487373915169E+00
    -7.10511628  0.251647537314E+00
    -6.99720930  0.281269165977E-01
    -6.88930233 -0.180119434310E+00
    -6.78139535 -0.371542814831E+00
    -6.67348837 -0.541858393879E+00
    -6.56558140 -0.684300311466E+00
    -6.45767442 -0.793516300626E+00
    -6.34976744 -0.866078548296E+00
    -6.24186047 -0.900466281393E+00
    -6.13395349 -0.897973343369E+00
    -6.02604651 -0.860771871530E+00
    -5.91813953 -0.788189868863E+00
    -5.81023256 -0.680413091993E+00
    -5.70232558 -0.539435976541E+00
    -5.59441860 -0.369055326777E+00
    -5.48651163 -0.175551737656E+00
    -5.37860465  0.347233788110E-01
    -5.27069767  0.257121645751E+00
    -5.16279070  0.487555751936E+00
    -5.05488372  0.722263747780E+00
    -4.94697674  0.957409056901E+00
    -4.83906977  0.118769400351E+01
    -4.73116279  0.140572568931E+01
    -4.62325581  0.160342266523E+01
    -4.51534884  0.177460535204E+01
    -4.40744186  0.191433117853E+01
    -4.29953488  0.201900776119E+01
    -4.19162791  0.208699156623E+01
    -4.08372093  0.211612555811E+01
    -3.97581395  0.210383573929E+01
    -3.86790698  0.204998491534E+01
    -3.76000000  0.195669885906E+01
    -3.65209302  0.182727912215E+01
    -3.54418605  0.166562999621E+01
    -3.43627907  0.147652596431E+01
    -3.32837209  0.126515085448E+01
    -3.22046512  0.103652408980E+01
    -3.11255814  0.797184667466E+00
    -3.00465116  0.553899340362E+00
    -2.89674419  0.313166820743E+00
    -2.78883721  0.816576093754E-01
    -2.68093023 -0.135468314409E+00
    -2.57302326 -0.333526880347E+00
    -2.46511628 -0.507059197943E+00
    -2.35720930 -0.651322632870E+00
    -2.24930233 -0.762783313230E+00
    -2.14139535 -0.837731450077E+00
    -2.03348837 -0.874144108113E+00
    -1.92558140 -0.872014171230E+00
    -1.81767442 -0.832868907070E+00
    -1.70976744 -0.757442092975E+00
    -1.60186047 -0.646894323036E+00
    -1.49395349 -0.504154594161E+00
    -1.38604651 -0.334100258004E+00
    -1.27813953 -0.144039052739E+00
    -1.17023256  0.588074978040E-01
    -1.06232558  0.269287130104E+00
    -0.95441860  0.482815656843E+00
    -0.84651163  0.693320763853E+00
    -0.73860465  0.892830539934E+00
    -0.63069767  0.107373979785E+01
    -0.52279070  0.123005831127E+01
    -0.41488372  0.135583490749E+01
    -0.30697674  0.144496584133E+01
    -0.19906977  0.149260057600E+01
    -0.09116279  0.149532567390E+01
     0.01674419  0.145214899680E+01
     0.12465116  0.136411869069E+01
     0.23255814  0.123219570036E+01
     0.34046512  0.105888131093E+01
     0.44837209  0.848893704162E+00
     0.55627907  0.606960606007E+00
     0.66418605  0.338855872308E+00
     0.77209302  0.513433133584E-01
     0.88000000 -0.248291607520E+00
     0.98790698 -0.552733727069E+00
     1.09581395 -0.854880863988E+00
     1.20372093 -0.114910500878E+01
     1.31162791 -0.143032161610E+01
     1.41953488 -0.169337718941E+01
     1.52744186 -0.193434524355E+01
     1.63534884 -0.215139278120E+01
     1.74325581 -0.234314712810E+01
     1.85116279 -0.250824485459E+01
     1.95906977 -0.264538164261E+01
     2.06697674 -0.275465999943E+01
     2.17488372 -0.283703218228E+01
     2.28279070 -0.289346468784E+01
     2.39069767 -0.292543475561E+01
     2.49860465 -0.293435089947E+01
     2.60651163 -0.292246657903E+01
     2.71441860 -0.289139984510E+01
     2.82232558 -0.284359412125E+01
     2.93023256 -0.278115174229E+01
     3.03813953 -0.270620140395E+01
     3.14604651 -0.262056084435E+01
     3.25395349 -0.252592436143E+01
     3.36186047 -0.242391567761E+01
     3.46976744 -0.231626527038E+01
     3.57767442 -0.220411119815E+01
     3.68558140 -0.208866275872E+01
     3.79348837 -0.197131441835E+01
     3.90139535 -0.185322825059E+01
     4.00930233 -0.173496184675E+01
     4.11720930 -0.161702770168E+01
     4.22511628 -0.150012948062E+01
     4.33302326 -0.138478274667E+01
     4.44093023 -0.127142513898E+01
     4.54883721 -0.116035928449E+01
     4.65674419 -0.105154419763E+01
     4.76465116 -0.945381821332E+00
     4.87255814 -0.842321151683E+00
     4.98046512 -0.742137762106E+00
     5.08837209 -0.642500823420E+00
     5.19627907 -0.544486194540E+00
     5.30418605 -0.455805743790E+00
     5.41209302 -0.378453043114E+00
     5.52000000 -0.311294957302E+00
     5.62790698 -0.254033922256E+00
     5.73581395 -0.206328927768E+00
     5.84372093 -0.167231963121E+00
     5.95162791 -0.135348845756E+00
     6.05953488 -0.109275285273E+00
     6.16744186 -0.878011233577E-01
     6.27534884 -0.702683017055E-01
     6.38325581 -0.561162507641E-01
     6.49116279 -0.447881793090E-01
     6.59906977 -0.357811215374E-01
     6.70697674 -0.286322030696E-01
     6.81488372 -0.228795919270E-01
     6.92279070 -0.181492797128E-01
     7.03069767 -0.143206996813E-01
     7.13860465 -0.113187311937E-01
     7.24651163 -0.906431070371E-02
     7.35441860 -0.742109325585E-02
     7.46232558 -0.620950012279E-02
     7.57023256 -0.524892140437E-02
     7.67813953 -0.439628315981E-02
     7.78604651 -0.361843073561E-02
     7.89395349 -0.290222477438E-02
     8.00186047 -0.223574316959E-02
     8.10976744 -0.162510011571E-02
     8.21767442 -0.109020402308E-02
     8.32558140 -0.651309474080E-03
     8.43348837 -0.324030145372E-03
     8.54139535 -0.110188527700E-03
     8.64930233 -0.905707048771E-05
     8.75720930  0.000000000000E+00
     8.86511628  0.000000000000E+00
     8.97302326  0.000000000000E+00
     9.08093023  0.000000000000E+00
     9.18883721  0.000000000000E+00
     9.29674419  0.000000000000E+00
     9.40465116  0.000000000000E+00
     9.51255814  0.000000000000E+00
     9.62046512  0.000000000000E+00
     9.72837209  0.000000000000E+00
     9.83627907  0.000000000000E+00
     9.94418605  0.000000000000E+00
    10.05209302  0.000000000000E+00
    10.16000000  0.000000000000E+00
    10.26790698  0.000000000000E+00
    10.37581395  0.000000000000E+00
    10.48372093  0.000000000000E+00
    10.59162791  0.000000000000E+00
    10.69953488  0.000000000000E+00
    10.80744186  0.000000000000E+00
    10.91534884  0.000000000000E+00
    11.02325581  0.000000000000E+00
    11.13116279  0.000000000000E+00
    11.23906977  0.000000000000E+00
    11.34697674  0.000000000000E+00
    11.45488372  0.000000000000E+00
    11.56279070  0.000000000000E+00
    11.67069767  0.000000000000E+00
    11.77860465  0.000000000000E+00
    11.88651163  0.000000000000E+00
    11.99441860  0.000000000000E+00
    12.10232558  0.000000000000E+00
    12.21023256  0.000000000000E+00
    12.31813953  0.000000000000E+00
    12.42604651  0.000000000000E+00
    12.53395349  0.000000000000E+00
    12.64186047  0.000000000000E+00
    12.74976744  0.000000000000E+00
    12.85767442  0.000000000000E+00
    12.96558140  0.000000000000E+00
    13.07348837  0.000000000000E+00
    13.18139535  0.000000000000E+00
    13.28930233  0.000000000000E+00
    13.39720930  0.000000000000E+00
    13.50511628  0.000000000000E+00
    13.61302326  0.000000000000E+00
    13.72093023  0.000000000000E+00
    13.82883721  0.000000000000E+00
    13.93674419  0.000000000000E+00
    14.04465116  0.000000000000E+00
    14.15255814  0.000000000000E+00
    14.26046512  0.000000000000E+00
    14.36837209  0.000000000000E+00
    14.47627907  0.000000000000E+00
    14.58418605  0.000000000000E+00
    14.69209302  0.000000000000E+00
    14.80000000  0.000000000000E+00
