    -8.40000000 -0.211096346226E+00
    -8.29209302 -0.209089550449E+00
    -8.18418605 -0.221414533020E+00
    -8.07627907 -0.247462584608E+00
    -7.96837209 -0.286672377238E+00
    -7.86046512 -0.339440268415E+00
    -7.75255814 -0.405437972914E+00
    -7.64465116 -0.476741698350E+00
    -7.53674419 -0.542450622167E+00
    -7.42883721 -0.591393422525E+00
    -7.32093023 -0.612152448049E+00
    -7.21302326 -0.592213027982E+00
    -7.10511628 -0.518275485679E+00
    -6.99720930 -0.377416751948E+00
    -6.88930233 -0.156022282272E+00
    -6.78139535  0.163516841705E+00
    -6.67348837  0.607851509922E+00
    -6.56558140  0.120646245869E+01
    -6.45767442  0.199278438302E+01
    -6.34976744  0.300773095203E+01
    -6.24186047  0.430970576671E+01
    -6.13395349  0.597832301544E+01
    -6.02604651  0.811184294118E+01
    -5.91813953  0.100088444761E+02
    -5.81023256  0.100019650100E+02
    -5.70232558  0.100030334453E+02
    -5.59441860  0.100009461643E+02
    -5.48651163  0.100004360961E+02
    -5.37860465  0.100009326387E+02
    -5.27069767  0.999919091009E+01
    -5.16279070  0.100012293464E+02
    -5.05488372  0.999959218615E+01
    -4.94697674  0.999947072217E+01
    -4.83906977  0.100000638022E+02
    -4.73116279  0.999975372326E+01
    -4.62325581  0.999890708291E+01
    -4.51534884  0.999819063348E+01
    -4.40744186  0.999773228527E+01
    -4.29953488  0.999779658540E+01
    -4.19162791  0.999808333512E+01
    -4.08372093  0.999819279601E+01
    -3.97581395  0.999811409661E+01
    -3.86790698  0.999785251548E+01
    -3.76000000  0.999768802100E+01
    -3.65209302  0.999811900553E+01
    -3.54418605  0.999880305709E+01
    -3.43627907  0.999965724478E+01
    -3.32837209  0.100001010926E+02
    -3.22046512  0.999961673447E+01
    -3.11255814  0.999950059294E+01
    -3.00465116  0.100012576477E+02
    -2.89674419  0.999930464006E+01
    -2.78883721  0.100005093831E+02
    -2.68093023  0.100008055818E+02
    -2.57302326  0.100011352389E+02
    -2.46511628  0.100025630837E+02
    -2.35720930  0.100078873836E+02
    -2.24930233  0.999596279872E+01
    -2.14139535  0.829802688725E+01
    -2.03348837  0.604798529921E+01
    -1.92558140  0.429010121676E+01
    -1.81767442  0.291780796851E+01
    -1.70976744  0.184749499332E+01
    -1.60186047  0.101576283504E+01
    -1.49395349  0.379015274519E+00
    -1.38604651 -0.970228347356E-01
    -1.27813953 -0.444595702548E+00
    -1.17023256 -0.692690465224E+00
    -1.06232558 -0.862209962391E+00
    -0.95441860 -0.968512357703E+00
    -0.84651163 -0.102723053914E+01
    -0.73860465 -0.105385949646E+01
    -0.63069767 -0.106146784044E+01
    -0.52279070 -0.105706704375E+01
    -0.41488372 -0.104862770827E+01
    -0.30697674 -0.104647096044E+01
    -0.19906977 -0.105963025916E+01
    -0.09116279 -0.109034493408E+01
     0.01674419 -0.113800452604E+01
     0.12465116 -0.120135136198E+01
     0.23255814 -0.127863759214E+01
     0.34046512 -0.136879801389E+01
     0.44837209 -0.147138898794E+01
     0.55627907 -0.158552246147E+01
     0.66418605 -0.170970401502E+01
     0.77209302 -0.184005117445E+01
     0.88000000 -0.197173579989E+01
     0.98790698 -0.210179210813E+01
     1.09581395 -0.222772863188E+01
     1.20372093 -0.234729266462E+01
     1.31162791 -0.245746588966E+01
     1.41953488 -0.255654230513E+01
     1.52744186 -0.264219083495E+01
     1.63534884 -0.271371249720E+01
     1.74325581 -0.277035318989E+01
     1.85116279 -0.281157550040E+01
     1.95906977 -0.283676614789E+01
     2.06697674 -0.284615440901E+01
     2.17488372 -0.284069442701E+01
     2.28279070 -0.282108745844E+01
     2.39069767 -0.278794969032E+01
     2.49860465 -0.274250911824E+01
     2.60651163 -0.268619123273E+01
     2.71441860 -0.262005843903E+01
     2.82232558 -0.254568851141E+01
     2.93023256 -0.246458745973E+01
     3.03813953 -0.237731975836E+01
     3.14604651 -0.228448918425E+01
     3.25395349 -0.218746282726E+01
     3.36186047 -0.208797937254E+01
     3.46976744 -0.198685995169E+01
     3.57767442 -0.188425518375E+01
     3.68558140 -0.178070751601E+01
     3.79348837 -0.167695836470E+01
     3.90139535 -0.157326681153E+01
     4.00930233 -0.146998763790E+01
     4.11720930 -0.136762715305E+01
     4.22511628 -0.126628834694E+01
     4.33302326 -0.116652668204E+01
     4.44093023 -0.106885889343E+01
     4.54883721 -0.972523222616E+00
     4.65674419 -0.877981429207E+00
     4.76465116 -0.785857184126E+00
     4.87255814 -0.696342603137E+00
     4.98046512 -0.609030458941E+00
     5.08837209 -0.522574261830E+00
     5.19627907 -0.439576486989E+00
     5.30418605 -0.366662843250E+00
     5.41209302 -0.304768710234E+00
     5.52000000 -0.252563729270E+00
     5.62790698 -0.208519432640E+00
     5.73581395 -0.171147100209E+00
     5.84372093 -0.139513338954E+00
     5.95162791 -0.113092945500E+00
     6.05953488 -0.913700986547E-01
     6.16744186 -0.737736449048E-01
     6.27534884 -0.595750689391E-01
     6.38325581 -0.480180688034E-01
     6.49116279 -0.383727942763E-01
     6.59906977 -0.302862221126E-01
     6.70697674 -0.236860055420E-01
     6.81488372 -0.185064418192E-01
     6.92279070 -0.146276259145E-01
     7.03069767 -0.117732356237E-01
     7.13860465 -0.963890066279E-02
     7.24651163 -0.793002346866E-02
     7.35441860 -0.649398172263E-02
     7.46232558 -0.528531047803E-02
     7.57023256 -0.426118732275E-02
     7.67813953 -0.338651356513E-02
     7.78604651 -0.264880844700E-02
     7.89395349 -0.203970972905E-02
     8.00186047 -0.155011337508E-02
     8.10976744 -0.115992396671E-02
     8.21767442 -0.840639844019E-03
     8.32558140 -0.563556735521E-03
     8.43348837 -0.313884921754E-03
     8.54139535 -0.118183977429E-03
     8.64930233 -0.106591148168E-04
     8.75720930  0.000000000000E+00
     8.86511628  0.000000000000E+00
     8.97302326  0.000000000000E+00
     9.08093023  0.000000000000E+00
     9.18883721  0.000000000000E+00
     9.29674419  0.000000000000E+00
     9.40465116  0.000000000000E+00
     9.51255814  0.000000000000E+00
     9.62046512  0.000000000000E+00
     9.72837209  0.000000000000E+00
     9.83627907  0.000000000000E+00
     9.94418605  0.000000000000E+00
    10.05209302  0.000000000000E+00
    10.16000000  0.000000000000E+00
    10.26790698  0.000000000000E+00
    10.37581395  0.000000000000E+00
    10.48372093  0.000000000000E+00
    10.59162791  0.000000000000E+00
    10.69953488  0.000000000000E+00
    10.80744186  0.000000000000E+00
    10.91534884  0.000000000000E+00
    11.02325581  0.000000000000E+00
    11.13116279  0.000000000000E+00
    11.23906977  0.000000000000E+00
    11.34697674  0.000000000000E+00
    11.45488372  0.000000000000E+00
    11.56279070  0.000000000000E+00
    11.67069767  0.000000000000E+00
    11.77860465  0.000000000000E+00
    11.88651163  0.000000000000E+00
    11.99441860  0.000000000000E+00
    12.10232558  0.000000000000E+00
    12.21023256  0.000000000000E+00
    12.31813953  0.000000000000E+00
    12.42604651  0.000000000000E+00
    12.53395349  0.000000000000E+00
    12.64186047  0.000000000000E+00
    12.74976744  0.000000000000E+00
    12.85767442  0.000000000000E+00
    12.96558140  0.000000000000E+00
    13.07348837  0.000000000000E+00
    13.18139535  0.000000000000E+00
    13.28930233  0.000000000000E+00
    13.39720930  0.000000000000E+00
    13.50511628  0.000000000000E+00
    13.61302326  0.000000000000E+00
    13.72093023  0.000000000000E+00
    13.82883721  0.000000000000E+00
    13.93674419  0.000000000000E+00
    14.04465116  0.000000000000E+00
    14.15255814  0.000000000000E+00
    14.26046512  0.000000000000E+00
    14.36837209  0.000000000000E+00
    14.47627907  0.000000000000E+00
    14.58418605  0.000000000000E+00
    14.69209302  0.000000000000E+00
    14.80000000  0.000000000000E+00
