    -8.40000000 -0.342772147560E+00
    -8.29209302 -0.318355208935E+00
    -8.18418605 -0.384195923869E+00
    -8.07627907 -0.487636266649E+00
    -7.96837209 -0.578235626616E+00
    -7.86046512 -0.640397826345E+00
    -7.75255814 -0.685365780762E+00
    -7.64465116 -0.724545739349E+00
    -7.53674419 -0.767642925799E+00
    -7.42883721 -0.814780581844E+00
    -7.32093023 -0.855967649447E+00
    -7.21302326 -0.881106067810E+00
    -7.10511628 -0.880858760907E+00
    -6.99720930 -0.845470562226E+00
    -6.88930233 -0.763831609335E+00
    -6.78139535 -0.625236237043E+00
    -6.67348837 -0.419722984972E+00
    -6.56558140 -0.138212523770E+00
    -6.45767442  0.230495656635E+00
    -6.34976744  0.699024174449E+00
    -6.24186047  0.128128077492E+01
    -6.13395349  0.199265225696E+01
    -6.02604651  0.284852477491E+01
    -5.91813953  0.386531795180E+01
    -5.81023256  0.506645212223E+01
    -5.70232558  0.647583999575E+01
    -5.59441860  0.811937999447E+01
    -5.48651163  0.100000691880E+02
    -5.37860465  0.999989855080E+01
    -5.27069767  0.100013065899E+02
    -5.16279070  0.999978428440E+01
    -5.05488372  0.100011027487E+02
    -4.94697674  0.999774237759E+01
    -4.83906977  0.100008522775E+02
    -4.73116279  0.100009504599E+02
    -4.62325581  0.100001152627E+02
    -4.51534884  0.999872692351E+01
    -4.40744186  0.999757014957E+01
    -4.29953488  0.999844865735E+01
    -4.19162791  0.999925615469E+01
    -4.08372093  0.999956405484E+01
    -3.97581395  0.999935438456E+01
    -3.86790698  0.999863789706E+01
    -3.76000000  0.999745161632E+01
    -3.65209302  0.999852540591E+01
    -3.54418605  0.999988605353E+01
    -3.43627907  0.100008581945E+02
    -3.32837209  0.100012573102E+02
    -3.22046512  0.999810589370E+01
    -3.11255814  0.100008854623E+02
    -3.00465116  0.100001788245E+02
    -2.89674419  0.100007426150E+02
    -2.78883721  0.999918423034E+01
    -2.68093023  0.999975111377E+01
    -2.57302326  0.823011602048E+01
    -2.46511628  0.650109547002E+01
    -2.35720930  0.503118490885E+01
    -2.24930233  0.378471861146E+01
    -2.14139535  0.273408876815E+01
    -2.03348837  0.185230324731E+01
    -1.92558140  0.111810370323E+01
    -1.81767442  0.516727177567E+00
    -1.70976744  0.337854385090E-01
    -1.60186047 -0.346992906003E+00
    -1.49395349 -0.641283605317E+00
    -1.38604651 -0.862696715604E+00
    -1.27813953 -0.102043357532E+01
    -1.17023256 -0.112522489693E+01
    -1.06232558 -0.118898082154E+01
    -0.95441860 -0.122443280506E+01
    -0.84651163 -0.124258070054E+01
    -0.73860465 -0.124860612636E+01
    -0.63069767 -0.124710740200E+01
    -0.52279070 -0.124487680673E+01
    -0.41488372 -0.124956961527E+01
    -0.30697674 -0.126513281452E+01
    -0.19906977 -0.129291887337E+01
    -0.09116279 -0.133372683053E+01
     0.01674419 -0.138768237738E+01
     0.12465116 -0.145434059287E+01
     0.23255814 -0.153385910051E+01
     0.34046512 -0.162617469495E+01
     0.44837209 -0.173068828984E+01
     0.55627907 -0.184605346937E+01
     0.66418605 -0.196946111027E+01
     0.77209302 -0.209662095233E+01
     0.88000000 -0.222393598588E+01
     0.98790698 -0.235068623588E+01
     1.09581395 -0.247502234431E+01
     1.20372093 -0.259245748430E+01
     1.31162791 -0.269956416537E+01
     1.41953488 -0.279465321256E+01
     1.52744186 -0.287667261381E+01
     1.63534884 -0.294465518251E+01
     1.74325581 -0.299778540209E+01
     1.85116279 -0.303503075528E+01
     1.95906977 -0.305512655075E+01
     2.06697674 -0.305815305862E+01
     2.17488372 -0.304449192952E+01
     2.28279070 -0.301638774601E+01
     2.39069767 -0.297654174278E+01
     2.49860465 -0.292615255757E+01
     2.60651163 -0.286664585050E+01
     2.71441860 -0.279941808930E+01
     2.82232558 -0.272497123277E+01
     2.93023256 -0.264380204927E+01
     3.03813953 -0.255606078713E+01
     3.14604651 -0.246173965428E+01
     3.25395349 -0.236139687048E+01
     3.36186047 -0.225576420684E+01
     3.46976744 -0.214611599382E+01
     3.57767442 -0.203402972203E+01
     3.68558140 -0.192071581561E+01
     3.79348837 -0.180738034736E+01
     3.90139535 -0.169479459384E+01
     4.00930233 -0.158337505820E+01
     4.11720930 -0.147348686311E+01
     4.22511628 -0.136521559913E+01
     4.33302326 -0.125859189528E+01
     4.44093023 -0.115387970771E+01
     4.54883721 -0.105132377178E+01
     4.65674419 -0.951095170533E+00
     4.76465116 -0.853358943126E+00
     4.87255814 -0.758297918454E+00
     4.98046512 -0.665681748765E+00
     5.08837209 -0.573959115492E+00
     5.19627907 -0.485622788653E+00
     5.30418605 -0.406403771882E+00
     5.41209302 -0.337355790039E+00
     5.52000000 -0.277947070878E+00
     5.62790698 -0.227599364033E+00
     5.73581395 -0.185707399415E+00
     5.84372093 -0.151288405138E+00
     5.95162791 -0.123082129034E+00
     6.05953488 -0.998221163765E-01
     6.16744186 -0.804385081530E-01
     6.27534884 -0.644205517641E-01
     6.38325581 -0.513562205415E-01
     6.49116279 -0.408346417435E-01
     6.59906977 -0.324613812756E-01
     6.70697674 -0.258542492343E-01
     6.81488372 -0.206313973947E-01
     6.92279070 -0.164616682090E-01
     7.03069767 -0.131601874915E-01
     7.13860465 -0.105683119829E-01
     7.24651163 -0.852984628654E-02
     7.35441860 -0.692415683649E-02
     7.46232558 -0.565745074894E-02
     7.57023256 -0.463660759851E-02
     7.67813953 -0.378271061645E-02
     7.78604651 -0.305843663785E-02
     7.89395349 -0.243403631219E-02
     8.00186047 -0.188097409468E-02
     8.10976744 -0.138869969259E-02
     8.21767442 -0.960417986924E-03
     8.32558140 -0.599684252891E-03
     8.43348837 -0.312335520186E-03
     8.54139535 -0.110989413384E-03
     8.64930233 -0.951731404791E-05
     8.75720930  0.000000000000E+00
     8.86511628  0.000000000000E+00
     8.97302326  0.000000000000E+00
     9.08093023  0.000000000000E+00
     9.18883721  0.000000000000E+00
     9.29674419  0.000000000000E+00
     9.40465116  0.000000000000E+00
     9.51255814  0.000000000000E+00
     9.62046512  0.000000000000E+00
     9.72837209  0.000000000000E+00
     9.83627907  0.000000000000E+00
     9.94418605  0.000000000000E+00
    10.05209302  0.000000000000E+00
    10.16000000  0.000000000000E+00
    10.26790698  0.000000000000E+00
    10.37581395  0.000000000000E+00
    10.48372093  0.000000000000E+00
    10.59162791  0.000000000000E+00
    10.69953488  0.000000000000E+00
    10.80744186  0.000000000000E+00
    10.91534884  0.000000000000E+00
    11.02325581  0.000000000000E+00
    11.13116279  0.000000000000E+00
    11.23906977  0.000000000000E+00
    11.34697674  0.000000000000E+00
    11.45488372  0.000000000000E+00
    11.56279070  0.000000000000E+00
    11.67069767  0.000000000000E+00
    11.77860465  0.000000000000E+00
    11.88651163  0.000000000000E+00
    11.99441860  0.000000000000E+00
    12.10232558  0.000000000000E+00
    12.21023256  0.000000000000E+00
    12.31813953  0.000000000000E+00
    12.42604651  0.000000000000E+00
    12.53395349  0.000000000000E+00
    12.64186047  0.000000000000E+00
    12.74976744  0.000000000000E+00
    12.85767442  0.000000000000E+00
    12.96558140  0.000000000000E+00
    13.07348837  0.000000000000E+00
    13.18139535  0.000000000000E+00
    13.28930233  0.000000000000E+00
    13.39720930  0.000000000000E+00
    13.50511628  0.000000000000E+00
    13.61302326  0.000000000000E+00
    13.72093023  0.000000000000E+00
    13.82883721  0.000000000000E+00
    13.93674419  0.000000000000E+00
    14.04465116  0.000000000000E+00
    14.15255814  0.000000000000E+00
    14.26046512  0.000000000000E+00
    14.36837209  0.000000000000E+00
    14.47627907  0.000000000000E+00
    14.58418605  0.000000000000E+00
    14.69209302  0.000000000000E+00
    14.80000000  0.000000000000E+00
