    -8.40000000  0.999753342606E+01
    -8.29209302  0.999771850084E+01
    -8.18418605  0.999746223904E+01
    -8.07627907  0.999784187175E+01
    -7.96837209  0.999822014824E+01
    -7.86046512  0.999860475576E+01
    -7.75255814  0.999906293549E+01
    -7.64465116  0.999967370283E+01
    -7.53674419  0.100004040128E+02
    -7.42883721  0.999940126439E+01
    -7.32093023  0.999940064680E+01
    -7.21302326  0.100023498298E+02
    -7.10511628  0.999825004271E+01
    -6.99720930  0.100010628598E+02
    -6.88930233  0.100008563132E+02
    -6.78139535  0.100019998828E+02
    -6.67348837  0.100056276296E+02
    -6.56558140  0.999511222251E+01
    -6.45767442  0.999933137042E+01
    -6.34976744  0.772757701372E+01
    -6.24186047  0.564504419665E+01
    -6.13395349  0.401388715449E+01
    -6.02604651  0.275382239777E+01
    -5.91813953  0.178620181789E+01
    -5.81023256  0.104741481570E+01
    -5.70232558  0.496725069212E+00
    -5.59441860  0.953571540507E-01
    -5.48651163 -0.188067062775E+00
    -5.37860465 -0.378982111973E+00
    -5.27069767 -0.493108159798E+00
    -5.16279070 -0.543661620238E+00
    -5.05488372 -0.543792488751E+00
    -4.94697674 -0.505811360216E+00
    -4.83906977 -0.440981767470E+00
    -4.73116279 -0.359591611207E+00
    -4.62325581 -0.272017900037E+00
    -4.51534884 -0.189880120044E+00
    -4.40744186 -0.122479540551E+00
    -4.29953488 -0.723866165136E-01
    -4.19162791 -0.407876384177E-01
    -4.08372093 -0.276089645373E-01
    -3.97581395 -0.320216473395E-01
    -3.86790698 -0.543349039501E-01
    -3.76000000 -0.948960086840E-01
    -3.65209302 -0.152046320407E+00
    -3.54418605 -0.220285812846E+00
    -3.43627907 -0.291421385497E+00
    -3.32837209 -0.356583429718E+00
    -3.22046512 -0.406169323745E+00
    -3.11255814 -0.425655067199E+00
    -3.00465116 -0.397715690730E+00
    -2.89674419 -0.304815339747E+00
    -2.78883721 -0.130715535393E+00
    -2.68093023  0.144539716388E+00
    -2.57302326  0.545939895975E+00
    -2.46511628  0.110247444389E+01
    -2.35720930  0.184528558350E+01
    -2.24930233  0.282447912292E+01
    -2.14139535  0.410406954323E+01
    -2.03348837  0.578145273499E+01
    -1.92558140  0.797052307208E+01
    -1.81767442  0.100039104833E+02
    -1.70976744  0.100151550735E+02
    -1.60186047  0.100033323729E+02
    -1.49395349  0.100012999962E+02
    -1.38604651  0.100014531865E+02
    -1.27813953  0.100008391114E+02
    -1.17023256  0.999854306893E+01
    -1.06232558  0.100025034374E+02
    -0.95441860  0.999935956283E+01
    -0.84651163  0.999929534969E+01
    -0.73860465  0.100005359937E+02
    -0.63069767  0.999986511367E+01
    -0.52279070  0.999919139335E+01
    -0.41488372  0.999872708455E+01
    -0.30697674  0.999831674698E+01
    -0.19906977  0.999814401109E+01
    -0.09116279  0.999804319609E+01
     0.01674419  0.999802923599E+01
     0.12465116  0.999810364408E+01
     0.23255814  0.999824509306E+01
     0.34046512  0.999864903208E+01
     0.44837209  0.999909552603E+01
     0.55627907  0.999970626545E+01
     0.66418605  0.100003575409E+02
     0.77209302  0.999965051520E+01
     0.88000000  0.999830787052E+01
     0.98790698  0.100016196040E+02
     1.09581395  0.999997302693E+01
     1.20372093  0.999973015823E+01
     1.31162791  0.100021896821E+02
     1.41953488  0.999879951341E+01
     1.52744186  0.999907882963E+01
     1.63534884  0.999349504455E+01
     1.74325581  0.100086179886E+02
     1.85116279  0.946393240057E+01
     1.95906977  0.674770526143E+01
     2.06697674  0.462113163318E+01
     2.17488372  0.295304275830E+01
     2.28279070  0.164554814814E+01
     2.39069767  0.617821178250E+00
     2.49860465 -0.188074465884E+00
     2.60651163 -0.813093111130E+00
     2.71441860 -0.129060691701E+01
     2.82232558 -0.164911824372E+01
     2.93023256 -0.191303717249E+01
     3.03813953 -0.209673379231E+01
     3.14604651 -0.221109190999E+01
     3.25395349 -0.226697158140E+01
     3.36186047 -0.227520349602E+01
     3.46976744 -0.224569941398E+01
     3.57767442 -0.218754492326E+01
     3.68558140 -0.210972223453E+01
     3.79348837 -0.202125082313E+01
     3.90139535 -0.192883536317E+01
     4.00930233 -0.183300586804E+01
     4.11720930 -0.173319832833E+01
     4.22511628 -0.162884297296E+01
     4.33302326 -0.151969660233E+01
     4.44093023 -0.140674595294E+01
     4.54883721 -0.129164254591E+01
     4.65674419 -0.117616834738E+01
     4.76465116 -0.106207291845E+01
     4.87255814 -0.950768301891E+00
     4.98046512 -0.842724325947E+00
     5.08837209 -0.737121902637E+00
     5.19627907 -0.634814633251E+00
     5.30418605 -0.538776768460E+00
     5.41209302 -0.450317903695E+00
     5.52000000 -0.370232355154E+00
     5.62790698 -0.299513428646E+00
     5.73581395 -0.239091530560E+00
     5.84372093 -0.189018277911E+00
     5.95162791 -0.148699339202E+00
     6.05953488 -0.117525032402E+00
     6.16744186 -0.945165814538E-01
     6.27534884 -0.776455290434E-01
     6.38325581 -0.646980671660E-01
     6.49116279 -0.535560158472E-01
     6.59906977 -0.434634960738E-01
     6.70697674 -0.346793275045E-01
     6.81488372 -0.274863844687E-01
     6.92279070 -0.220076756393E-01
     7.03069767 -0.179048687265E-01
     7.13860465 -0.147569056907E-01
     7.24651163 -0.121579101657E-01
     7.35441860 -0.992256072791E-02
     7.46232558 -0.803200221374E-02
     7.57023256 -0.647146275914E-02
     7.67813953 -0.521282531273E-02
     7.78604651 -0.418889313813E-02
     7.89395349 -0.332535344600E-02
     8.00186047 -0.255138700272E-02
     8.10976744 -0.184793943746E-02
     8.21767442 -0.123554629824E-02
     8.32558140 -0.735742758648E-03
     8.43348837 -0.364845145610E-03
     8.54139535 -0.123661157113E-03
     8.64930233 -0.101308882341E-04
     8.75720930  0.000000000000E+00
     8.86511628  0.000000000000E+00
     8.97302326  0.000000000000E+00
     9.08093023  0.000000000000E+00
     9.18883721  0.000000000000E+00
     9.29674419  0.000000000000E+00
     9.40465116  0.000000000000E+00
     9.51255814  0.000000000000E+00
     9.62046512  0.000000000000E+00
     9.72837209  0.000000000000E+00
     9.83627907  0.000000000000E+00
     9.94418605  0.000000000000E+00
    10.05209302  0.000000000000E+00
    10.16000000  0.000000000000E+00
    10.26790698  0.000000000000E+00
    10.37581395  0.000000000000E+00
    10.48372093  0.000000000000E+00
    10.59162791  0.000000000000E+00
    10.69953488  0.000000000000E+00
    10.80744186  0.000000000000E+00
    10.91534884  0.000000000000E+00
    11.02325581  0.000000000000E+00
    11.13116279  0.000000000000E+00
    11.23906977  0.000000000000E+00
    11.34697674  0.000000000000E+00
    11.45488372  0.000000000000E+00
    11.56279070  0.000000000000E+00
    11.67069767  0.000000000000E+00
    11.77860465  0.000000000000E+00
    11.88651163  0.000000000000E+00
    11.99441860  0.000000000000E+00
    12.10232558  0.000000000000E+00
    12.21023256  0.000000000000E+00
    12.31813953  0.000000000000E+00
    12.42604651  0.000000000000E+00
    12.53395349  0.000000000000E+00
    12.64186047  0.000000000000E+00
    12.74976744  0.000000000000E+00
    12.85767442  0.000000000000E+00
    12.96558140  0.000000000000E+00
    13.07348837  0.000000000000E+00
    13.18139535  0.000000000000E+00
    13.28930233  0.000000000000E+00
    13.39720930  0.000000000000E+00
    13.50511628  0.000000000000E+00
    13.61302326  0.000000000000E+00
    13.72093023  0.000000000000E+00
    13.82883721  0.000000000000E+00
    13.93674419  0.000000000000E+00
    14.04465116  0.000000000000E+00
    14.15255814  0.000000000000E+00
    14.26046512  0.000000000000E+00
    14.36837209  0.000000000000E+00
    14.47627907  0.000000000000E+00
    14.58418605  0.000000000000E+00
    14.69209302  0.000000000000E+00
    14.80000000  0.000000000000E+00
