       0.000000       0.000000       6.000000       0.000000       0.000000
       0.004426       0.001803       5.986263       0.000000       0.014545
       0.008852       0.003606       5.972526       0.000000       0.029089
       0.013277       0.005408       5.958789       0.000000       0.043634
       0.017703       0.007211       5.945052       0.000000       0.058178
       0.022129       0.009014       5.931315       0.000000       0.072723
       0.026555       0.010817       5.917578       0.000000       0.087267
       0.030980       0.012620       5.903841       0.000000       0.101812
       0.035406       0.014422       5.890103       0.000000       0.116356
       0.039832       0.016225       5.876366       0.000000       0.130901
       0.044258       0.018028       5.862629       0.000000       0.145445
       0.048683       0.019831       5.848892       0.000000       0.159990
       0.053109       0.021634       5.835155       0.000000       0.174535
       0.057535       0.023436       5.821418       0.000000       0.189079
       0.061961       0.025239       5.807681       0.000000       0.203624
       0.066386       0.027042       5.793944       0.000000       0.218168
       0.070812       0.028845       5.780207       0.000000       0.232713
       0.075238       0.030647       5.766470       0.000000       0.247257
       0.079664       0.032450       5.752733       0.000000       0.261802
       0.084089       0.034253       5.738996       0.000000       0.276346
       0.088515       0.036056       5.725259       0.000000       0.290891
       0.092941       0.037859       5.711522       0.000000       0.305435
       0.097367       0.039661       5.697785       0.000000       0.319980
       0.101793       0.041464       5.684047       0.000000       0.334525
       0.106218       0.043267       5.670310       0.000000       0.349069
       0.110644       0.045070       5.656573       0.000000       0.363614
       0.115070       0.046873       5.642836       0.000000       0.378158
       0.119496       0.048675       5.629099       0.000000       0.392703
       0.123921       0.050478       5.615362       0.000000       0.407247
       0.128347       0.052281       5.601625       0.000000       0.421792
       0.132773       0.054084       5.587888       0.000000       0.436336
       0.137199       0.055887       5.574151       0.000000       0.450881
       0.141624       0.057689       5.560414       0.000000       0.465425
       0.146050       0.059492       5.546677       0.000000       0.479970
       0.150476       0.061295       5.532940       0.000000       0.494515
       0.154902       0.063098       5.519203       0.000000       0.509059
       0.159327       0.064900       5.505466       0.000000       0.523604
       0.163753       0.066703       5.491729       0.000000       0.538148
       0.168179       0.068506       5.477992       0.000000       0.552693
       0.172605       0.070309       5.464255       0.000000       0.567237
       0.177030       0.072112       5.450518       0.000000       0.581782
       0.181456       0.073914       5.436781       0.000000       0.596326
       0.185882       0.075717       5.423043       0.000000       0.610871
       0.190308       0.077520       5.409306       0.000000       0.625415
       0.194733       0.079323       5.395569       0.000000       0.639960
       0.199159       0.081125       5.381832       0.000000       0.654505
       0.203585       0.082928       5.368095       0.000000       0.669049
       0.208011       0.084731       5.354358       0.000000       0.683594
       0.212436       0.086534       5.340621       0.000000       0.698138
       0.216862       0.088336       5.326884       0.000000       0.712683
       0.221288       0.090139       5.313147       0.000000       0.727227
       0.225713       0.091942       5.299410       0.000000       0.741772
       0.230139       0.093745       5.285673       0.000000       0.756316
       0.234565       0.095548       5.271936       0.000000       0.770861
       0.238991       0.097350       5.258199       0.000000       0.785405
       0.243416       0.099153       5.244462       0.000000       0.799950
       0.247842       0.100956       5.230725       0.000000       0.814494
       0.252268       0.102759       5.216988       0.000000       0.829039
       0.256694       0.104561       5.203251       0.000000       0.843584
       0.261119       0.106364       5.189514       0.000000       0.858128
       0.265545       0.108167       5.175777       0.000000       0.872673
       0.269971       0.109970       5.162040       0.000000       0.887217
       0.274397       0.111772       5.148303       0.000000       0.901762
       0.278822       0.113575       5.134566       0.000000       0.916306
       0.283248       0.115378       5.120829       0.000000       0.930851
       0.287674       0.117181       5.107092       0.000000       0.945395
       0.292100       0.118984       5.093355       0.000000       0.959940
       0.296525       0.120786       5.079618       0.000000       0.974484
       0.300951       0.122589       5.065881       0.000000       0.989029
       0.305377       0.124392       5.052144       0.000000       1.003574
       0.309803       0.126195       5.038407       0.000000       1.018118
       0.314228       0.127997       5.024670       0.000000       1.032663
       0.318654       0.129800       5.010933       0.000000       1.047207
       0.323080       0.131603       4.997196       0.000000       1.061752
       0.327505       0.133406       4.983458       0.000000       1.076296
       0.331931       0.135208       4.969721       0.000000       1.090841
       0.336357       0.137011       4.955984       0.000000       1.105385
       0.340783       0.138814       4.942247       0.000000       1.119930
       0.345208       0.140617       4.928510       0.000000       1.134474
       0.349634       0.142420       4.914773       0.000000       1.149019
       0.354060       0.144222       4.901036       0.000000       1.163564
       0.358486       0.146025       4.887299       0.000000       1.178108
       0.362911       0.147828       4.873562       0.000000       1.192653
       0.367337       0.149631       4.859825       0.000000       1.207197
       0.371763       0.151433       4.846088       0.000000       1.221742
       0.376189       0.153236       4.832351       0.000000       1.236286
       0.380614       0.155039       4.818614       0.000000       1.250831
       0.385040       0.156842       4.804877       0.000000       1.265375
       0.389466       0.158644       4.791140       0.000000       1.279920
       0.393891       0.160447       4.777403       0.000000       1.294464
       0.397411       0.161906       4.763369       0.000000       1.309009
       0.400879       0.163346       4.749317       0.000000       1.323554
       0.404347       0.164785       4.735265       0.000000       1.338098
       0.407815       0.166224       4.721214       0.000000       1.352643
       0.411283       0.167664       4.707162       0.000000       1.367187
       0.414751       0.169103       4.693111       0.000000       1.381732
       0.418219       0.170543       4.679059       0.000000       1.396276
       0.421687       0.171982       4.665008       0.000000       1.410821
       0.425155       0.173422       4.650956       0.000000       1.425365
       0.428623       0.174861       4.636905       0.000000       1.439910
       0.432091       0.176301       4.622853       0.000000       1.454454
       0.435559       0.177740       4.608802       0.000000       1.468999
       0.439027       0.179179       4.594750      -0.000000       1.483544
       0.442495       0.180619       4.580699      -0.000007       1.498088
       0.445963       0.182058       4.566647      -0.000020       1.512633
       0.449431       0.183498       4.552596      -0.000040       1.527177
       0.452899       0.184937       4.538544      -0.000068       1.541722
       0.456367       0.186377       4.524492      -0.000103       1.556266
       0.459835       0.187816       4.510441      -0.000145       1.570811
       0.463303       0.189255       4.496389      -0.000194       1.585355
       0.466771       0.190695       4.482338      -0.000252       1.599900
       0.470239       0.192134       4.468286      -0.000316       1.614444
       0.473707       0.193574       4.454235      -0.000388       1.628989
       0.477175       0.195013       4.440183      -0.000468       1.643534
       0.480643       0.196453       4.426132      -0.000555       1.658078
       0.484111       0.197892       4.412080      -0.000650       1.672623
       0.487579       0.199331       4.398029      -0.000753       1.687167
       0.491047       0.200771       4.383977      -0.000864       1.701712
       0.494515       0.202210       4.369926      -0.000982       1.716256
       0.497704       0.203582       4.355814      -0.001108       1.730801
       0.499769       0.204680       4.341458      -0.001243       1.745345
       0.501833       0.205778       4.327103      -0.001384       1.759890
       0.503898       0.206877       4.312748      -0.001532       1.774434
       0.505963       0.207975       4.298393      -0.001685       1.788979
       0.508028       0.209073       4.284037      -0.001843       1.803524
       0.510092       0.210171       4.269682      -0.002007       1.818068
       0.512157       0.211270       4.255327      -0.002175       1.832613
       0.514222       0.212368       4.240971      -0.002346       1.847157
       0.516286       0.213466       4.226616      -0.002522       1.861702
       0.518351       0.214564       4.212261      -0.002700       1.876246
       0.520416       0.215662       4.197906      -0.002882       1.890791
       0.522481       0.216761       4.183550      -0.003066       1.905335
       0.524545       0.217859       4.169195      -0.003253       1.919880
       0.526610       0.218957       4.154840      -0.003443       1.934424
       0.528675       0.220055       4.140484      -0.003638       1.948969
       0.530739       0.221153       4.126129      -0.003837       1.963514
       0.532804       0.222252       4.111774      -0.004041       1.978058
       0.534869       0.223350       4.097419      -0.004250       1.992603
       0.536934       0.224448       4.083063      -0.004465       2.007147
       0.538998       0.225546       4.068708      -0.004687       2.021692
       0.541063       0.226644       4.054353      -0.004915       2.036236
       0.543128       0.227743       4.039997      -0.005150       2.050781
       0.545192       0.228841       4.025642      -0.005392       2.065325
       0.547257       0.229939       4.011287      -0.005642       2.079870
       0.549322       0.231037       3.996931      -0.005901       2.094414
       0.551387       0.232136       3.982576      -0.006168       2.108959
       0.553451       0.233234       3.968221      -0.006447       2.123504
       0.555516       0.234332       3.953866      -0.006741       2.138048
       0.557581       0.235430       3.939510      -0.007052       2.152593
       0.558889       0.236241       3.925098      -0.007386       2.167137
       0.558535       0.236421       3.910558      -0.007754       2.181682
       0.558180       0.236601       3.896019      -0.008150       2.196226
       0.557825       0.236781       3.881480      -0.008576       2.210771
       0.557471       0.236961       3.866941      -0.009035       2.225315
       0.557116       0.237141       3.852402      -0.009532       2.239860
       0.556762       0.237321       3.837863      -0.010067       2.254404
       0.556407       0.237501       3.823324      -0.010646       2.268949
       0.556052       0.237681       3.808785      -0.011269       2.283493
       0.555698       0.237861       3.794246      -0.011941       2.298038
       0.555343       0.238041       3.779706      -0.012662       2.312583
       0.554989       0.238221       3.765167      -0.013435       2.327127
       0.554634       0.238401       3.750628      -0.014258       2.341672
       0.554280       0.238581       3.736089      -0.015133       2.356216
       0.553925       0.238761       3.721550      -0.016061       2.370761
       0.553570       0.238941       3.707011      -0.017041       2.385305
       0.553216       0.239121       3.692472      -0.018074       2.399850
       0.552861       0.239301       3.677933      -0.019161       2.414394
       0.552507       0.239481       3.663394      -0.020303       2.428939
       0.552152       0.239661       3.648854      -0.021499       2.443483
       0.551797       0.239841       3.634315      -0.022751       2.458028
       0.551443       0.240021       3.619776      -0.024060       2.472573
       0.551088       0.240202       3.605237      -0.025426       2.487117
       0.550734       0.240382       3.590698      -0.026850       2.501662
       0.550379       0.240562       3.576159      -0.028336       2.516206
       0.550024       0.240742       3.561620      -0.029895       2.530751
       0.549670       0.240922       3.547081      -0.031532       2.545295
       0.549315       0.241102       3.532542      -0.033257       2.559840
       0.548961       0.241282       3.518002      -0.035076       2.574384
       0.548606       0.241462       3.503463      -0.036999       2.588929
       0.548252       0.241642       3.488924      -0.039033       2.603473
       0.547555       0.241586       3.474397      -0.041189       2.618018
       0.546842       0.241518       3.459870      -0.043472       2.632563
       0.546129       0.241451       3.445343      -0.045890       2.647107
       0.545416       0.241384       3.430816      -0.048449       2.661652
       0.544704       0.241316       3.416289      -0.051158       2.676196
       0.543991       0.241249       3.401762      -0.054025       2.690741
       0.543278       0.241181       3.387235      -0.057056       2.705285
       0.542565       0.241114       3.372709      -0.060264       2.719830
       0.541852       0.241046       3.358182      -0.063664       2.734374
       0.541139       0.240979       3.343655      -0.067270       2.748919
       0.540426       0.240912       3.329128      -0.071095       2.763463
       0.539713       0.240844       3.314601      -0.075155       2.778008
       0.539000       0.240777       3.300074      -0.079463       2.792553
       0.538287       0.240709       3.285547      -0.084034       2.807097
       0.537574       0.240642       3.271020      -0.088883       2.821642
       0.536861       0.240575       3.256493      -0.094026       2.836186
       0.536148       0.240507       3.241967      -0.099476       2.850731
       0.535435       0.240440       3.227440      -0.105250       2.865275
       0.534722       0.240372       3.212913      -0.111362       2.879820
       0.534009       0.240305       3.198386      -0.117828       2.894364
       0.533296       0.240238       3.183859      -0.124665       2.908909
       0.532583       0.240170       3.169332      -0.131894       2.923453
       0.531870       0.240103       3.154805      -0.139538       2.937998
       0.531157       0.240035       3.140278      -0.147616       2.952543
       0.530444       0.239968       3.125751      -0.156152       2.967087
       0.529732       0.239901       3.111224      -0.165167       2.981632
       0.529019       0.239833       3.096698      -0.174682       2.996176
       0.528306       0.239766       3.082171      -0.184719       3.010721
       0.527593       0.239698       3.067644      -0.195299       3.025265
       0.526880       0.239631       3.053117      -0.206444       3.039810
       0.525799       0.239484       3.038617      -0.218172       3.054354
       0.524460       0.239282       3.024135      -0.230508       3.068899
       0.523121       0.239080       3.009654      -0.243475       3.083443
       0.521782       0.238878       2.995173      -0.257094       3.097988
       0.520442       0.238676       2.980691      -0.271377       3.112533
       0.519103       0.238473       2.966210      -0.286323       3.127077
       0.517764       0.238271       2.951729      -0.301927       3.141622
       0.516425       0.238069       2.937247      -0.318187       3.156166
       0.515085       0.237867       2.922766      -0.335097       3.170711
       0.513746       0.237665       2.908285      -0.352655       3.185255
       0.512407       0.237462       2.893803      -0.370855       3.199800
       0.511068       0.237260       2.879322      -0.389693       3.214344
       0.509728       0.237058       2.864841      -0.409164       3.228889
       0.508389       0.236856       2.850359      -0.429263       3.243433
       0.507050       0.236653       2.835878      -0.449986       3.257978
       0.505711       0.236451       2.821397      -0.471326       3.272523
       0.504371       0.236249       2.806915      -0.493278       3.287067
       0.503032       0.236047       2.792434      -0.515854       3.301612
       0.501693       0.235845       2.777953      -0.539158       3.316156
       0.500354       0.235642       2.763471      -0.563194       3.330701
       0.499014       0.235440       2.748990      -0.587905       3.345245
       0.497675       0.235238       2.734509      -0.613194       3.359790
       0.496336       0.235036       2.720027      -0.638941       3.374334
       0.494997       0.234834       2.705546      -0.665022       3.388879
       0.493657       0.234631       2.691064      -0.691314       3.403423
       0.492318       0.234429       2.676583      -0.717718       3.417968
       0.490979       0.234227       2.662102      -0.744162       3.432513
       0.489640       0.234025       2.647620      -0.770647       3.447057
       0.488301       0.233823       2.633139      -0.797200       3.461602
       0.486961       0.233620       2.618658      -0.823843       3.476146
       0.485575       0.233442       2.604181      -0.850603       3.490691
       0.483993       0.233361       2.589723      -0.877518       3.505235
       0.482411       0.233281       2.575265      -0.904637       3.519780
       0.480829       0.233200       2.560807      -0.931949       3.534324
       0.479247       0.233120       2.546349      -0.959440       3.548869
       0.477665       0.233040       2.531891      -0.987098       3.563413
       0.476083       0.232959       2.517433      -1.014909       3.577958
       0.474501       0.232879       2.502975      -1.042858       3.592503
       0.472918       0.232798       2.488517      -1.070934       3.607047
       0.471336       0.232718       2.474059      -1.099138       3.621592
       0.469754       0.232638       2.459601      -1.127477       3.636136
       0.468172       0.232557       2.445143      -1.155961       3.650681
       0.466590       0.232477       2.430685      -1.184628       3.665225
       0.465008       0.232396       2.416227      -1.213474       3.679770
       0.463426       0.232316       2.401769      -1.242486       3.694314
       0.461844       0.232236       2.387311      -1.271649       3.708859
       0.460261       0.232155       2.372853      -1.300947       3.723403
       0.458679       0.232075       2.358394      -1.330361       3.737948
       0.457097       0.231994       2.343936      -1.359872       3.752492
       0.455515       0.231914       2.329478      -1.389464       3.767037
       0.453933       0.231834       2.315020      -1.419117       3.781582
       0.452351       0.231753       2.300562      -1.448815       3.796126
       0.450769       0.231673       2.286104      -1.478540       3.810671
       0.449186       0.231592       2.271646      -1.508273       3.825215
       0.447604       0.231512       2.257188      -1.537997       3.839760
       0.446022       0.231432       2.242730      -1.567701       3.854304
       0.444440       0.231351       2.228272      -1.597359       3.868849
       0.442858       0.231271       2.213814      -1.626940       3.883393
       0.441276       0.231190       2.199356      -1.656414       3.897938
       0.439694       0.231110       2.184898      -1.685745       3.912482
       0.438112       0.231030       2.170440      -1.714897       3.927027
       0.438850       0.236983       2.157633      -1.739985       3.941572
       0.440189       0.244500       2.145254      -1.763916       3.956116
       0.441528       0.252017       2.132875      -1.787679       3.970661
       0.442867       0.259534       2.120496      -1.811261       3.985205
       0.444207       0.267051       2.108116      -1.834651       3.999750
       0.445546       0.274568       2.095737      -1.857843       4.014294
       0.446885       0.282085       2.083358      -1.880826       4.028839
       0.448224       0.289602       2.070979      -1.903582       4.043383
       0.449563       0.297119       2.058600      -1.926093       4.057928
       0.450903       0.304637       2.046220      -1.948345       4.072472
       0.452242       0.312154       2.033841      -1.970324       4.087017
       0.453581       0.319671       2.021462      -1.992017       4.101562
       0.454920       0.327188       2.009083      -2.013413       4.116106
       0.456260       0.334705       1.996704      -2.034502       4.130651
       0.457599       0.342222       1.984324      -2.055275       4.145195
       0.458938       0.349739       1.971945      -2.075721       4.159740
       0.460277       0.357256       1.959566      -2.095826       4.174284
       0.461616       0.364773       1.947187      -2.115574       4.188829
       0.462956       0.372290       1.934808      -2.134942       4.203373
       0.464295       0.379807       1.922428      -2.153932       4.217918
       0.465634       0.387324       1.910049      -2.172536       4.232462
       0.466973       0.394841       1.897670      -2.190724       4.247007
       0.468313       0.402358       1.885291      -2.208458       4.261552
       0.469652       0.409875       1.872912      -2.225737       4.276096
       0.470991       0.417392       1.860532      -2.242549       4.290641
       0.472330       0.424909       1.848153      -2.258878       4.305185
       0.473669       0.432426       1.835774      -2.274707       4.319730
       0.475009       0.439943       1.823395      -2.290021       4.334274
       0.476348       0.447460       1.811016      -2.304801       4.348819
       0.477687       0.454977       1.798636      -2.319031       4.363363
       0.479026       0.462494       1.786257      -2.332698       4.377908
       0.480366       0.470011       1.773878      -2.345805       4.392452
       0.481705       0.477528       1.761499      -2.358354       4.406997
       0.483044       0.485045       1.749120      -2.370345       4.421542
       0.484383       0.492562       1.736740      -2.381776       4.436086
       0.485723       0.500080       1.724361      -2.392631       4.450631
       0.490530       0.505759       1.713577      -2.401507       4.465175
       0.503043       0.507359       1.706338      -2.407076       4.479720
       0.515556       0.508958       1.699098      -2.412615       4.494264
       0.528069       0.510557       1.691858      -2.418123       4.508809
       0.540582       0.512156       1.684618      -2.423602       4.523353
       0.553095       0.513755       1.677378      -2.429054       4.537898
       0.565608       0.515354       1.670139      -2.434482       4.552442
       0.578120       0.516954       1.662899      -2.439891       4.566987
       0.590633       0.518553       1.655659      -2.445285       4.581532
       0.603146       0.520152       1.648419      -2.450672       4.596076
       0.615659       0.521751       1.641179      -2.456069       4.610621
       0.628172       0.523350       1.633940      -2.461505       4.625165
       0.640685       0.524949       1.626700      -2.466990       4.639710
       0.653198       0.526548       1.619460      -2.472535       4.654254
       0.665710       0.528148       1.612220      -2.478154       4.668799
       0.678223       0.529747       1.604980      -2.483864       4.683343
       0.690736       0.531346       1.597741      -2.489679       4.697888
       0.703249       0.532945       1.590501      -2.495616       4.712432
       0.715762       0.534544       1.583261      -2.501690       4.726977
       0.728275       0.536143       1.576021      -2.507909       4.741522
       0.740788       0.537743       1.568781      -2.514288       4.756066
       0.753300       0.539342       1.561542      -2.520854       4.770611
       0.765813       0.540941       1.554302      -2.527620       4.785155
       0.778326       0.542540       1.547062      -2.534596       4.799700
       0.790839       0.544139       1.539822      -2.541793       4.814244
       0.803352       0.545738       1.532582      -2.549220       4.828789
       0.815865       0.547338       1.525343      -2.556877       4.843333
       0.828377       0.548937       1.518103      -2.564762       4.857878
       0.840890       0.550536       1.510863      -2.572866       4.872422
       0.853403       0.552135       1.503623      -2.581180       4.886967
       0.865916       0.553734       1.496383      -2.589692       4.901512
       0.878429       0.555333       1.489144      -2.598384       4.916056
       0.890942       0.556932       1.481904      -2.607238       4.930601
       0.903455       0.558532       1.474664      -2.616234       4.945145
       0.915967       0.560131       1.467424      -2.625352       4.959690
       0.928480       0.561730       1.460184      -2.634571       4.974234
       0.940993       0.563329       1.452945      -2.643870       4.988779
       0.953506       0.564928       1.445705      -2.653230       5.003323
       0.966019       0.566527       1.438465      -2.662631       5.017868
       0.978532       0.568127       1.431225      -2.672071       5.032412
       0.991045       0.569726       1.423985      -2.681565       5.046957
       1.003557       0.571325       1.416746      -2.691101       5.061502
       1.016070       0.572924       1.409506      -2.700668       5.076046
       1.028583       0.574523       1.402266      -2.710255       5.090591
       1.041096       0.576122       1.395026      -2.719856       5.105135
       1.053609       0.577722       1.387786      -2.729469       5.119680
       1.066122       0.579321       1.380547      -2.739096       5.134224
       1.078635       0.580920       1.373307      -2.748738       5.148769
       1.091147       0.582519       1.366067      -2.758396       5.163313
       1.103660       0.584118       1.358827      -2.768075       5.177858
       1.116173       0.585717       1.351587      -2.777782       5.192402
       1.128686       0.587316       1.344347      -2.787525       5.206947
       1.141199       0.588916       1.337108      -2.797314       5.221491
       1.153712       0.590515       1.329868      -2.807163       5.236036
       1.166224       0.592114       1.322628      -2.817072       5.250581
       1.178737       0.593713       1.315388      -2.827034       5.265125
       1.191250       0.595312       1.308148      -2.837044       5.279670
       1.203763       0.596911       1.300909      -2.847095       5.294214
       1.216276       0.598511       1.293669      -2.857174       5.308759
       1.228789       0.600110       1.286429      -2.867265       5.323303
       1.241302       0.601709       1.279189      -2.877347       5.337848
       1.253814       0.603308       1.271949      -2.887399       5.352392
       1.266327       0.604907       1.264710      -2.897395       5.366937
       1.278840       0.606506       1.257470      -2.907310       5.381481
       1.291353       0.608106       1.250230      -2.917140       5.396026
       1.303866       0.609705       1.242990      -2.926876       5.410571
       1.316379       0.611304       1.235750      -2.936489       5.425115
       1.328892       0.612903       1.228511      -2.945945       5.439660
       1.341404       0.614502       1.221271      -2.955209       5.454204
       1.353917       0.616101       1.214031      -2.964242       5.468749
       1.366430       0.617701       1.206791      -2.973007       5.483293
       1.378943       0.619300       1.199551      -2.981461       5.497838
       1.391456       0.620899       1.192312      -2.989577       5.512382
       1.403969       0.622498       1.185072      -2.997341       5.526927
       1.416482       0.624097       1.177832      -3.004738       5.541471
       1.428994       0.625696       1.170592      -3.011751       5.556016
       1.441507       0.627295       1.163352      -3.018365       5.570561
       1.454020       0.628895       1.156113      -3.024558       5.585105
       1.466533       0.630494       1.148873      -3.030303       5.599650
       1.479046       0.632093       1.141633      -3.035579       5.614194
       1.491559       0.633692       1.134393      -3.040362       5.628739
       1.504072       0.635291       1.127153      -3.044634       5.643283
       1.516584       0.636890       1.119914      -3.048378       5.657828
       1.529097       0.638490       1.112674      -3.051579       5.672372
       1.541610       0.640089       1.105434      -3.054224       5.686917
       1.554123       0.641688       1.098194      -3.056300       5.701461
       1.566636       0.643287       1.090954      -3.057793       5.716006
       1.579149       0.644886       1.083715      -3.058693       5.730551
       1.585000       0.643498       1.072886      -3.058996       5.745095
       1.585000       0.639485       1.058906      -3.058452       5.759640
       1.584999       0.635472       1.044926      -3.057008       5.774184
       1.584999       0.631460       1.030946      -3.054687       5.788729
       1.584999       0.627447       1.016966      -3.051477       5.803273
       1.584999       0.623434       1.002986      -3.047351       5.817818
       1.584999       0.619421       0.989006      -3.042286       5.832362
       1.584998       0.615409       0.975026      -3.036287       5.846907
       1.584998       0.611396       0.961046      -3.029364       5.861451
       1.584998       0.607383       0.947066      -3.021533       5.875996
       1.584998       0.603370       0.933086      -3.012807       5.890541
       1.584998       0.599358       0.919106      -3.003204       5.905085
       1.584997       0.595345       0.905126      -2.992741       5.919630
       1.584997       0.591332       0.891146      -2.981437       5.934174
       1.584997       0.587319       0.877166      -2.969298       5.948719
       1.584997       0.583307       0.863186      -2.956322       5.963263
       1.584996       0.579294       0.849206      -2.942510       5.977808
       1.584996       0.575281       0.835226      -2.927864       5.992352
       1.584996       0.571268       0.821245      -2.912390       6.006897
       1.584996       0.569073       0.806906      -2.895914       6.021441
       1.584995       0.567464       0.792451      -2.878551       6.035986
       1.584995       0.565854       0.777996      -2.860368       6.050531
       1.584994       0.564245       0.763540      -2.841369       6.065075
       1.584994       0.562636       0.749085      -2.821564       6.079620
       1.584994       0.561026       0.734630      -2.800967       6.094164
       1.584993       0.559417       0.720174      -2.779610       6.108709
       1.584993       0.557808       0.705719      -2.757531       6.123253
       1.584992       0.556198       0.691264      -2.734773       6.137798
       1.584992       0.554589       0.676809      -2.711367       6.152342
       1.584991       0.552980       0.662353      -2.687341       6.166887
       1.584991       0.551371       0.647898      -2.662724       6.181431
       1.584990       0.549761       0.633443      -2.637546       6.195976
       1.584990       0.548152       0.618988      -2.611839       6.210521
       1.584990       0.546543       0.604532      -2.585640       6.225065
       1.584989       0.544933       0.590077      -2.558988       6.239610
       1.584989       0.543324       0.575622      -2.531900       6.254154
       1.584988       0.541715       0.561166      -2.504436       6.268699
       1.584988       0.540308       0.546695      -2.476662       6.283243
       1.584987       0.539585       0.532168      -2.448554       6.297788
       1.584986       0.538862       0.517642      -2.420154       6.312332
       1.584985       0.538139       0.503115      -2.391463       6.326877
       1.584983       0.537415       0.488589      -2.362490       6.341421
       1.584982       0.536692       0.474062      -2.333270       6.355966
       1.584981       0.535969       0.459535      -2.303853       6.370511
       1.584980       0.535246       0.445009      -2.274292       6.385055
       1.584979       0.534523       0.430482      -2.244645       6.399600
       1.584978       0.533799       0.415956      -2.214972       6.414144
       1.584977       0.533076       0.401429      -2.185332       6.428689
       1.584976       0.532353       0.386903      -2.155786       6.443233
       1.584975       0.531630       0.372376      -2.126380       6.457778
       1.584974       0.530907       0.357850      -2.097158       6.472322
       1.584973       0.530183       0.343323      -2.068159       6.486867
       1.584972       0.529460       0.328796      -2.039426       6.501411
       1.584970       0.528737       0.314270      -2.010996       6.515956
       1.584969       0.528014       0.299743      -1.982909       6.530501
       1.584968       0.527291       0.285217      -1.955201       6.545045
       1.584964       0.526907       0.270679      -1.927910       6.559590
       1.584958       0.526664       0.256136      -1.901076       6.574134
       1.584952       0.526421       0.241594      -1.874737       6.588679
       1.584945       0.526178       0.227051      -1.848923       6.603223
       1.584939       0.525934       0.212509      -1.823663       6.617768
       1.584933       0.525691       0.197966      -1.798986       6.632312
       1.584927       0.525448       0.183424      -1.774915       6.646857
       1.584921       0.525205       0.168881      -1.751476       6.661401
       1.584915       0.524962       0.154339      -1.728689       6.675946
       1.584909       0.524719       0.139796      -1.706575       6.690490
       1.584903       0.524476       0.125254      -1.685150       6.705035
       1.584897       0.524232       0.110711      -1.664431       6.719580
       1.584891       0.523989       0.096169      -1.644432       6.734124
       1.584885       0.523746       0.081626      -1.625160       6.748669
       1.584878       0.523503       0.067084      -1.606622       6.763213
       1.584872       0.523260       0.052541      -1.588831       6.777758
       1.584866       0.523017       0.037999      -1.571812       6.792302
       1.584860       0.522774       0.023456      -1.555571       6.806847
       1.584848       0.522537       0.008914      -1.540134       6.821391
       1.584799       0.522337      -0.005629      -1.525538       6.835936
       1.584750       0.522136      -0.020172      -1.511807       6.850480
       1.584701       0.521936      -0.034715      -1.498940       6.865025
       1.584652       0.521735      -0.049258      -1.486935       6.879570
       1.584603       0.521535      -0.063801      -1.475787       6.894114
       1.584554       0.521334      -0.078344      -1.465488       6.908659
       1.584505       0.521134      -0.092887      -1.456027       6.923203
       1.584456       0.520934      -0.107430      -1.447391       6.937748
       1.584406       0.520733      -0.121974      -1.439567       6.952292
       1.584357       0.520533      -0.136517      -1.432535       6.966837
       1.584308       0.520332      -0.151060      -1.426277       6.981381
       1.584259       0.520132      -0.165603      -1.420771       6.995926
       1.584210       0.519931      -0.180146      -1.415992       7.010470
       1.584161       0.519731      -0.194689      -1.411915       7.025015
       1.584112       0.519531      -0.209232      -1.408510       7.039560
       1.584063       0.519330      -0.223775      -1.405747       7.054104
       1.584014       0.519130      -0.238318      -1.403571       7.068649
       1.583965       0.518929      -0.252861      -1.401828       7.083193
       1.582350       0.521010      -0.266933      -1.400210       7.097738
       1.579425       0.524999      -0.280610      -1.398269       7.112282
       1.576500       0.528988      -0.294288      -1.395902       7.126827
       1.573575       0.532977      -0.307965      -1.393006       7.141371
       1.570649       0.536966      -0.321643      -1.389533       7.155916
       1.567724       0.540955      -0.335321      -1.385480       7.170460
       1.564799       0.544944      -0.348998      -1.380843       7.185005
       1.561874       0.548933      -0.362676      -1.375614       7.199550
       1.558949       0.552922      -0.376353      -1.369781       7.214094
       1.556023       0.556911      -0.390031      -1.363331       7.228639
       1.553098       0.560900      -0.403708      -1.356246       7.243183
       1.550173       0.564889      -0.417386      -1.348486       7.257728
       1.547248       0.568878      -0.431064      -1.339993       7.272272
       1.544323       0.572867      -0.444741      -1.330711       7.286817
       1.541398       0.576857      -0.458419      -1.320593       7.301361
       1.538472       0.580846      -0.472096      -1.309598       7.315906
       1.535547       0.584835      -0.485774      -1.297697       7.330450
       1.532308       0.588981      -0.499208      -1.284733       7.344995
       1.523252       0.596040      -0.508136      -1.268179       7.359540
       1.514197       0.603099      -0.517064      -1.250532       7.374084
       1.505141       0.610158      -0.525993      -1.231923       7.388629
       1.496086       0.617217      -0.534921      -1.212466       7.403173
       1.487030       0.624276      -0.543849      -1.192275       7.417718
       1.477975       0.631335      -0.552777      -1.171466       7.432262
       1.468919       0.638394      -0.561706      -1.150157       7.446807
       1.459864       0.645452      -0.570634      -1.128468       7.461351
       1.450808       0.652511      -0.579562      -1.106523       7.475896
       1.441753       0.659570      -0.588490      -1.084450       7.490440
       1.432697       0.666629      -0.597419      -1.062379       7.504985
       1.423642       0.673688      -0.606347      -1.040443       7.519530
       1.414586       0.680747      -0.615275      -1.018777       7.534074
       1.405531       0.687806      -0.624203      -0.997516       7.548619
       1.396053       0.694928      -0.632586      -0.976742       7.563163
       1.385940       0.702145      -0.640148      -0.956534       7.577708
       1.375826       0.709361      -0.647710      -0.937021       7.592252
       1.365713       0.716578      -0.655271      -0.918229       7.606797
       1.355599       0.723794      -0.662833      -0.900189       7.621341
       1.345486       0.731011      -0.670394      -0.882929       7.635886
       1.335372       0.738228      -0.677956      -0.866477       7.650430
       1.325259       0.745444      -0.685517      -0.850849       7.664975
       1.315145       0.752661      -0.693079      -0.836047       7.679520
       1.305032       0.759878      -0.700641      -0.822075       7.694064
       1.294918       0.767094      -0.708202      -0.808932       7.708609
       1.284805       0.774311      -0.715764      -0.796617       7.723153
       1.274691       0.781528      -0.723325      -0.785128       7.737698
       1.264578       0.788744      -0.730887      -0.774461       7.752242
       1.254464       0.795961      -0.738448      -0.764609       7.766787
       1.244332       0.803329      -0.745836      -0.755560       7.781331
       1.234195       0.810733      -0.753183      -0.747304       7.795876
       1.224058       0.818137      -0.760529      -0.739823       7.810420
       1.213922       0.825541      -0.767876      -0.733094       7.824965
       1.203785       0.832945      -0.775223      -0.727089       7.839510
       1.193648       0.840349      -0.782569      -0.721784       7.854054
       1.183512       0.847753      -0.789916      -0.717172       7.868599
       1.173375       0.855157      -0.797263      -0.713241       7.883143
       1.163238       0.862561      -0.804610      -0.709993       7.897688
       1.153101       0.869965      -0.811956      -0.707414       7.912232
       1.142965       0.877369      -0.819303      -0.705502       7.926777
       1.132828       0.884773      -0.826650      -0.704264       7.941321
       1.122691       0.892177      -0.833996      -0.703699       7.955866
       1.112555       0.899581      -0.841343      -0.703807       7.970410
       1.102435       0.907032      -0.848665      -0.704585       7.984955
       1.092383       0.914671      -0.855886      -0.706029       7.999499
       1.082332       0.922310      -0.863108      -0.708134       8.014044
       1.072280       0.929950      -0.870329      -0.710896       8.028589
       1.062228       0.937589      -0.877551      -0.714312       8.043133
       1.052177       0.945228      -0.884772      -0.718378       8.057678
       1.042125       0.952868      -0.891993      -0.723095       8.072222
       1.032074       0.960507      -0.899215      -0.728463       8.086767
       1.022022       0.968147      -0.906436      -0.734471       8.101311
       1.011970       0.975786      -0.913658      -0.741104       8.115856
       1.001919       0.983425      -0.920879      -0.748349       8.130400
       0.991867       0.991065      -0.928100      -0.756197       8.144945
       0.981816       0.998704      -0.935322      -0.764641       8.159489
       0.971764       1.006344      -0.942543      -0.773652       8.174034
       0.961712       1.013983      -0.949765      -0.783106       8.188579
       0.951031       1.021271      -0.956369      -0.792820       8.203123
       0.939855       1.028285      -0.962490      -0.802641       8.217668
       0.928680       1.035298      -0.968611      -0.812476       8.232212
       0.917505       1.042312      -0.974732      -0.822207       8.246757
       0.906330       1.049325      -0.980854      -0.831721       8.261301
       0.895154       1.056339      -0.986975      -0.840909       8.275846
       0.883979       1.063352      -0.993096      -0.849662       8.290390
       0.872804       1.070366      -0.999217      -0.857878       8.304935
       0.861629       1.077379      -1.005338      -0.865450       8.319479
       0.850453       1.084393      -1.011459      -0.872273       8.334024
       0.839278       1.091406      -1.017581      -0.878235       8.348569
       0.828103       1.098420      -1.023702      -0.883215       8.363113
       0.816928       1.105433      -1.029823      -0.887061       8.377658
       0.805752       1.112447      -1.035944      -0.889643       8.392202
       0.794577       1.119460      -1.042065      -0.890837       8.406747
       0.783260       1.116077      -1.048936      -0.890407       8.421291
       0.771910       1.110321      -1.055978      -0.888106       8.435836
       0.760561       1.104564      -1.063021      -0.884061       8.450380
       0.749211       1.098807      -1.070063      -0.878395       8.464925
       0.737862       1.093050      -1.077105      -0.871227       8.479469
       0.726512       1.087294      -1.084147      -0.862749       8.494014
       0.715163       1.081537      -1.091189      -0.853118       8.508559
       0.703813       1.075780      -1.098231      -0.842443       8.523103
       0.692464       1.070024      -1.105273      -0.830827       8.537648
       0.681114       1.064267      -1.112315      -0.818375       8.552192
       0.669764       1.058510      -1.119357      -0.805190       8.566737
       0.658415       1.052754      -1.126400      -0.791376       8.581281
       0.647065       1.046997      -1.133442      -0.777041       8.595826
       0.637115       1.039567      -1.141013      -0.762129       8.610370
       0.627166       1.032135      -1.148585      -0.746956       8.624915
       0.617218       1.024703      -1.156156      -0.731654       8.639459
       0.607269       1.017271      -1.163728      -0.716359       8.654004
       0.597320       1.009839      -1.171300      -0.701209       8.668549
       0.587371       1.002407      -1.178872      -0.686343       8.683093
       0.577423       0.994975      -1.186443      -0.671905       8.697638
       0.567474       0.987543      -1.194015      -0.658033       8.712182
       0.557525       0.980111      -1.201587      -0.644790       8.726727
       0.547576       0.972678      -1.209159      -0.632181       8.741271
       0.537628       0.965246      -1.216730      -0.620209       8.755816
       0.527679       0.957814      -1.224302      -0.608877       8.770360
       0.517660       0.950395      -1.231791      -0.598183       8.784905
       0.507484       0.943005      -1.239097      -0.588111       8.799449
       0.497308       0.935614      -1.246403      -0.578648       8.813994
       0.487132       0.928224      -1.253709      -0.569780       8.828539
       0.476956       0.920833      -1.261015      -0.561494       8.843083
       0.466780       0.913443      -1.268322      -0.553779       8.857628
       0.456605       0.906052      -1.275628      -0.546628       8.872172
       0.446429       0.898662      -1.282934      -0.540034       8.886717
       0.436253       0.891272      -1.290240      -0.533991       8.901261
       0.426077       0.883881      -1.297546      -0.528494       8.915806
       0.415901       0.876491      -1.304852      -0.523536       8.930350
       0.405725       0.869100      -1.312158      -0.519109       8.944895
       0.395549       0.861710      -1.319464      -0.515202       8.959439
       0.385320       0.854388      -1.326763      -0.511807       8.973984
       0.375053       0.847114      -1.334059      -0.508937       8.988529
       0.364785       0.839841      -1.341354      -0.506607       9.003073
       0.354518       0.832568      -1.348650      -0.504841       9.017618
       0.344250       0.825295      -1.355945      -0.503672       9.032162
       0.333983       0.818022      -1.363241      -0.503121       9.046707
       0.323715       0.810749      -1.370536      -0.503224       9.061251
       0.313448       0.803476      -1.377831      -0.504011       9.075796
       0.303180       0.796203      -1.385127      -0.505508       9.090340
       0.292913       0.788930      -1.392422      -0.507738       9.104885
       0.282645       0.781657      -1.399718      -0.510720       9.119429
       0.272377       0.774384      -1.407013      -0.514467       9.133974
       0.262110       0.767111      -1.414308      -0.518992       9.148519
       0.251425       0.760147      -1.421294      -0.524304       9.163063
       0.240632       0.753265      -1.428199      -0.530402       9.177608
       0.229838       0.746383      -1.435103      -0.537289       9.192152
       0.219044       0.739501      -1.442007      -0.544967       9.206697
       0.208250       0.732618      -1.448912      -0.553439       9.221241
       0.197456       0.725736      -1.455816      -0.562695       9.235786
       0.186662       0.718854      -1.462721      -0.572711       9.250330
       0.175868       0.711972      -1.469625      -0.583461       9.264875
       0.165074       0.705089      -1.476530      -0.594915       9.279419
       0.154281       0.698207      -1.483434      -0.607042       9.293964
       0.143487       0.691325      -1.490339      -0.619724       9.308509
       0.132693       0.684443      -1.497243      -0.632789       9.323053
       0.121899       0.677561      -1.504148      -0.646065       9.337598
       0.112340       0.670347      -1.512392      -0.659480       9.352142
       0.102836       0.663118      -1.520697      -0.672766       9.366687
       0.093332       0.655889      -1.529001      -0.685759       9.381231
       0.083828       0.648660      -1.537306      -0.698304       9.395776
       0.074324       0.641432      -1.545610      -0.710254       9.410320
       0.064820       0.634203      -1.553914      -0.721462       9.424865
       0.055316       0.626974      -1.562219      -0.731786       9.439409
       0.045812       0.619745      -1.570523      -0.741090       9.453954
       0.036308       0.612517      -1.578828      -0.749237       9.468498
       0.026805       0.605288      -1.587132      -0.756094       9.483043
       0.017301       0.598059      -1.595437      -0.761513       9.497588
       0.007797       0.590830      -1.603741      -0.765310       9.512132
       0.000000       0.582412      -1.611350      -0.767478       9.526677
       0.000000       0.568558      -1.615781      -0.768359       9.541221
       0.000000       0.554705      -1.620212      -0.767342       9.555766
       0.000000       0.540852      -1.624643      -0.764509       9.570310
       0.000000       0.526999      -1.629075      -0.759945       9.584855
       0.000000       0.513146      -1.633506      -0.753743       9.599399
       0.000000       0.499293      -1.637937      -0.746001       9.613944
       0.000000       0.485440      -1.642368      -0.736862       9.628488
       0.000000       0.471587      -1.646799      -0.726495       9.643033
       0.000000       0.457139      -1.647867      -0.714624       9.657578
       0.000000       0.442606      -1.648458      -0.701663       9.672122
       0.000000       0.428074      -1.649049      -0.687828       9.686667
       0.000000       0.413541      -1.649640      -0.673282       9.701211
       0.000000       0.399008      -1.650231      -0.658188       9.715756
       0.000000       0.384476      -1.650822      -0.642714       9.730300
       0.000000       0.369943      -1.651414      -0.627029       9.744845
       0.000000       0.355411      -1.652005      -0.611303       9.759389
       0.000000       0.340869      -1.651938      -0.595689       9.773934
       0.000000       0.326326      -1.651738      -0.580375       9.788478
       0.000000       0.311783      -1.651539      -0.565542       9.803023
       0.000000       0.297240      -1.651340      -0.551357       9.817568
       0.000000       0.282696      -1.651140      -0.537909       9.832112
       0.000000       0.268153      -1.650941      -0.525222       9.846657
       0.000000       0.253610      -1.650741      -0.513317       9.861201
       0.000000       0.239067      -1.650542      -0.502212       9.875746
       0.000000       0.224523      -1.650394      -0.491925       9.890290
       0.000000       0.209979      -1.650262      -0.482468       9.904835
       0.000000       0.195435      -1.650130      -0.473844       9.919379
       0.000000       0.180891      -1.649998      -0.466042       9.933924
       0.000000       0.166347      -1.649867      -0.459039       9.948468
       0.000000       0.151804      -1.649735      -0.452810       9.963013
       0.000000       0.137260      -1.649603      -0.447328       9.977558
       0.000000       0.122716      -1.649471      -0.442562       9.992102
       0.000000       0.108172      -1.649547      -0.438478      10.006647
       0.000000       0.093629      -1.649724      -0.435041      10.021191
       0.000000       0.079085      -1.649901      -0.432211      10.035736
       0.000000       0.064542      -1.650079      -0.429948      10.050280
       0.000000       0.049998      -1.650256      -0.428207      10.064825
       0.000000       0.035455      -1.650433      -0.426941      10.079369
       0.000000       0.020911      -1.650610      -0.426126      10.093914
       0.000000       0.006368      -1.650787      -0.425746      10.108458
       0.000000       0.000000      -1.659041      -0.424973      10.123003
       0.000000       0.000000      -1.673586      -0.421494      10.137548
       0.000000       0.000000      -1.688130      -0.415485      10.152092
       0.000000       0.000000      -1.702675      -0.407225      10.166637
       0.000000       0.000000      -1.717219      -0.396988      10.181181
       0.000000       0.000000      -1.731764      -0.385047      10.195726
       0.000000       0.000000      -1.746308      -0.371678      10.210270
       0.000000       0.000000      -1.760853      -0.357144      10.224815
       0.000000       0.000000      -1.775397      -0.341635      10.239359
       0.000000       0.000000      -1.789942      -0.325301      10.253904
       0.000000       0.000000      -1.804486      -0.308291      10.268448
       0.000000       0.000000      -1.819031      -0.290755      10.282993
       0.000000       0.000000      -1.833576      -0.272839      10.297538
       0.000000       0.000000      -1.848120      -0.254692      10.312082
       0.000000       0.000000      -1.862665      -0.236457      10.326627
       0.000000       0.000000      -1.877209      -0.218275      10.341171
       0.000000       0.000000      -1.891754      -0.200286      10.355716
       0.000000       0.000000      -1.906298      -0.182651      10.370260
       0.000000       0.000000      -1.920843      -0.165548      10.384805
       0.000000       0.000000      -1.935387      -0.149087      10.399349
       0.000000       0.000000      -1.949932      -0.133372      10.413894
       0.000000       0.000000      -1.964476      -0.118503      10.428438
       0.000000       0.000000      -1.979021      -0.104581      10.442983
       0.000000       0.000000      -1.993566      -0.091701      10.457528
       0.000000       0.000000      -2.008110      -0.079955      10.472072
       0.000000       0.000000      -2.022655      -0.069390      10.486617
       0.000000       0.000000      -2.037199      -0.060011      10.501161
       0.000000       0.000000      -2.051744      -0.051821      10.515706
       0.000000       0.000000      -2.066289      -0.044817      10.530250
       0.000000       0.000000      -2.080833      -0.038998      10.544795
       0.000000       0.000000      -2.095378      -0.034358      10.559339
       0.000000       0.000000      -2.109923      -0.030887      10.573884
       0.000000       0.000000      -2.124467      -0.028575      10.588428
       0.000000       0.000000      -2.139012      -0.027406      10.602973
       0.000000       0.000000      -2.153557      -0.027364      10.617518
       0.000000       0.000000      -2.168101      -0.028442      10.632062
       0.000000       0.000000      -2.182646      -0.030656      10.646607
       0.000000       0.000000      -2.197190      -0.034027      10.661151
       0.000000       0.000000      -2.211735      -0.038574      10.675696
       0.000000       0.000000      -2.226279      -0.044311      10.690240
       0.000000       0.000000      -2.240824      -0.051254      10.704785
       0.000000       0.000000      -2.255368      -0.059415      10.719329
       0.000000       0.000000      -2.269913      -0.068799      10.733874
       0.000000       0.000000      -2.284457      -0.079393      10.748418
       0.000000       0.000000      -2.299002      -0.091183      10.762963
       0.000000       0.000000      -2.313547      -0.104152      10.777508
       0.000000       0.000000      -2.328091      -0.118278      10.792052
       0.000000       0.000000      -2.342636      -0.133539      10.806597
       0.000000       0.000000      -2.357180      -0.149910      10.821141
       0.000000       0.000000      -2.371725      -0.167363      10.835686
       0.000000       0.000000      -2.386269      -0.185870      10.850230
       0.000000       0.000000      -2.400814      -0.205399      10.864775
       0.000000       0.000000      -2.415358      -0.225881      10.879319
       0.000000       0.000000      -2.429903      -0.247140      10.893864
       0.000000       0.000000      -2.444447      -0.268981      10.908408
       0.000000       0.000000      -2.458992      -0.291205      10.922953
       0.000000       0.000000      -2.473536      -0.313611      10.937497
       0.000000       0.000000      -2.488080      -0.336002      10.952042
       0.000000       0.000000      -2.502625      -0.358177      10.966587
       0.000000       0.000000      -2.517169      -0.379947      10.981131
       0.000000       0.000000      -2.531714      -0.401145      10.995676
       0.000000       0.000000      -2.546258      -0.421604      11.010220
       0.000000       0.000000      -2.560803      -0.441159      11.024765
       0.000000       0.000000      -2.575347      -0.459642      11.039309
       0.000000       0.000000      -2.589892      -0.476882      11.053854
       0.000000       0.000000      -2.604436      -0.492710      11.068398
       0.000000       0.000000      -2.618981      -0.506953      11.082943
       0.000000       0.000000      -2.633525      -0.519441      11.097487
       0.000000       0.000000      -2.648070      -0.530003      11.112032
       0.000000       0.000000      -2.662615      -0.538466      11.126577
       0.000000       0.000000      -2.677159      -0.544632      11.141121
       0.000000       0.000000      -2.691704      -0.548299      11.155666
       0.000000       0.000000      -2.706248      -0.549262      11.170210
      -0.000295       0.013326      -2.707158      -0.549443      11.184755
      -0.000617       0.027863      -2.706828      -0.550174      11.199299
      -0.000938       0.042401      -2.706498      -0.551390      11.213844
      -0.001260       0.056938      -2.706168      -0.553096      11.228388
      -0.001582       0.071475      -2.705838      -0.555300      11.242933
      -0.001904       0.086012      -2.705508      -0.558031      11.257477
      -0.002225       0.100550      -2.705179      -0.561326      11.272022
      -0.002547       0.115087      -2.704849      -0.565220      11.286567
      -0.002869       0.129624      -2.704519      -0.569745      11.301111
      -0.003191       0.144161      -2.704189      -0.574931      11.315656
      -0.003512       0.158699      -2.703859      -0.580806      11.330200
      -0.003834       0.173236      -2.703529      -0.587393      11.344745
      -0.004156       0.187773      -2.703199      -0.594715      11.359289
      -0.004478       0.202311      -2.702870      -0.602793      11.373834
      -0.004799       0.216848      -2.702540      -0.611636      11.388378
      -0.005121       0.231385      -2.702210      -0.621236      11.402923
      -0.005443       0.245922      -2.701880      -0.631580      11.417467
      -0.005765       0.260460      -2.701550      -0.642652      11.432012
      -0.006086       0.274997      -2.701220      -0.654432      11.446557
      -0.006408       0.289534      -2.700891      -0.666897      11.461101
      -0.006730       0.304071      -2.700561      -0.680023      11.475646
      -0.007052       0.318609      -2.700231      -0.693786      11.490190
      -0.007373       0.333146      -2.699901      -0.708123      11.504735
      -0.007695       0.347683      -2.699571      -0.722877      11.519279
      -0.008017       0.362220      -2.699241      -0.737873      11.533824
      -0.007089       0.376254      -2.700264      -0.752619      11.548368
      -0.001805       0.388530      -2.706001      -0.765682      11.562913
       0.003480       0.400807      -2.711737      -0.777807      11.577457
       0.008764       0.413083      -2.717474      -0.788985      11.592002
       0.014048       0.425359      -2.723211      -0.799207      11.606547
       0.019332       0.437636      -2.728947      -0.808467      11.621091
       0.024617       0.449912      -2.734684      -0.816755      11.635636
       0.029901       0.462189      -2.740421      -0.824058      11.650180
       0.035185       0.474465      -2.746158      -0.830366      11.664725
       0.040469       0.486742      -2.751894      -0.835649      11.679269
       0.045754       0.499018      -2.757631      -0.839874      11.693814
       0.051038       0.511294      -2.763368      -0.843016      11.708358
       0.056322       0.523571      -2.769104      -0.845036      11.722903
       0.061606       0.535847      -2.774841      -0.845928      11.737447
       0.066891       0.548124      -2.780578      -0.845723      11.751992
       0.072175       0.560400      -2.786315      -0.844451      11.766537
       0.077459       0.572676      -2.792051      -0.842137      11.781081
       0.082743       0.584953      -2.797788      -0.838825      11.795626
       0.088028       0.597229      -2.803525      -0.834536      11.810170
       0.093312       0.609506      -2.809261      -0.829289      11.824715
       0.098596       0.621782      -2.814998      -0.823107      11.839259
       0.103881       0.634059      -2.820735      -0.816016      11.853804
       0.110596       0.644978      -2.826842      -0.807225      11.868348
       0.120834       0.652559      -2.833861      -0.795965      11.882893
       0.131072       0.660139      -2.840880      -0.784578      11.897437
       0.141310       0.667720      -2.847898      -0.773210      11.911982
       0.151548       0.675300      -2.854917      -0.762012      11.926527
       0.161786       0.682881      -2.861936      -0.751135      11.941071
       0.172024       0.690461      -2.868955      -0.740687      11.955616
       0.182262       0.698042      -2.875974      -0.730693      11.970160
       0.192500       0.705622      -2.882992      -0.721169      11.984705
       0.202738       0.713202      -2.890011      -0.712137      11.999249
       0.212976       0.720783      -2.897030      -0.703615      12.013794
       0.223214       0.728363      -2.904049      -0.695625      12.028338
       0.233452       0.735944      -2.911068      -0.688187      12.042883
       0.243690       0.743524      -2.918086      -0.681321      12.057427
       0.253928       0.751105      -2.925105      -0.675038      12.071972
       0.264166       0.758685      -2.932124      -0.669337      12.086517
       0.274404       0.766266      -2.939143      -0.664211      12.101061
       0.284642       0.773846      -2.946162      -0.659658      12.115606
       0.294880       0.781427      -2.953181      -0.655672      12.130150
       0.305118       0.789007      -2.960199      -0.652245      12.144695
       0.315478       0.796448      -2.967185      -0.649344      12.159239
       0.325978       0.803729      -2.974134      -0.646955      12.173784
       0.336478       0.811010      -2.981083      -0.645097      12.188328
       0.346977       0.818291      -2.988031      -0.643757      12.202873
       0.357477       0.825572      -2.994980      -0.642933      12.217417
       0.367977       0.832853      -3.001928      -0.642628      12.231962
       0.378477       0.840134      -3.008877      -0.642825      12.246507
       0.388977       0.847415      -3.015825      -0.643522      12.261051
       0.399477       0.854696      -3.022774      -0.644714      12.275596
       0.409976       0.861977      -3.029723      -0.646391      12.290140
       0.420476       0.869258      -3.036671      -0.648555      12.304685
       0.430976       0.876539      -3.043620      -0.651199      12.319229
       0.441476       0.883820      -3.050568      -0.654320      12.333774
       0.451976       0.891101      -3.057517      -0.657926      12.348318
       0.462476       0.898382      -3.064466      -0.662023      12.362863
       0.472975       0.905663      -3.071414      -0.666615      12.377407
       0.483475       0.912944      -3.078363      -0.671705      12.391952
       0.493975       0.920225      -3.085311      -0.677292      12.406496
       0.504475       0.927506      -3.092260      -0.683376      12.421041
       0.514975       0.934787      -3.099209      -0.689954      12.435586
       0.525475       0.942068      -3.106157      -0.697026      12.450130
       0.536548       0.947885      -3.113487      -0.704256      12.464675
       0.547918       0.952947      -3.121014      -0.711675      12.479219
       0.559287       0.958009      -3.128541      -0.719413      12.493764
       0.570657       0.963072      -3.136068      -0.727460      12.508308
       0.582026       0.968134      -3.143594      -0.735807      12.522853
       0.593396       0.973196      -3.151121      -0.744451      12.537397
       0.604765       0.978259      -3.158648      -0.753391      12.551942
       0.616134       0.983321      -3.166175      -0.762628      12.566486
       0.627504       0.988383      -3.173702      -0.772168      12.581031
       0.638873       0.993446      -3.181228      -0.781984      12.595576
       0.650243       0.998508      -3.188755      -0.791978      12.610120
       0.661612       1.003570      -3.196282      -0.802048      12.624665
       0.672982       1.008633      -3.203809      -0.812098      12.639209
       0.684351       1.013695      -3.211336      -0.822032      12.653754
       0.695721       1.018757      -3.218862      -0.831759      12.668298
       0.707090       1.023819      -3.226389      -0.841193      12.682843
       0.718460       1.028882      -3.233916      -0.850248      12.697387
       0.729829       1.033944      -3.241443      -0.858843      12.711932
       0.741199       1.039006      -3.248970      -0.866892      12.726476
       0.752568       1.044069      -3.256496      -0.874311      12.741021
       0.763937       1.049131      -3.264023      -0.880999      12.755566
       0.775307       1.054193      -3.271550      -0.886842      12.770110
       0.786680       1.059107      -3.279076      -0.891595      12.784655
       0.798309       1.054607      -3.286565      -0.888197      12.799199
       0.809937       1.050107      -3.294053      -0.883717      12.813744
       0.821565       1.045607      -3.301541      -0.878246      12.828288
       0.833194       1.041107      -3.309030      -0.871922      12.842833
       0.844822       1.036607      -3.316518      -0.864842      12.857377
       0.856450       1.032107      -3.324006      -0.857111      12.871922
       0.868079       1.027607      -3.331495      -0.848812      12.886466
       0.879707       1.023107      -3.338983      -0.840022      12.901011
       0.891335       1.018607      -3.346471      -0.830824      12.915556
       0.902963       1.014107      -3.353960      -0.821300      12.930100
       0.914592       1.009607      -3.361448      -0.811536      12.944645
       0.926220       1.005107      -3.368936      -0.801621      12.959189
       0.937848       1.000607      -3.376425      -0.791651      12.973734
       0.949477       0.996107      -3.383913      -0.781723      12.988278
       0.961105       0.991607      -3.391401      -0.771938      13.002823
       0.972733       0.987107      -3.398890      -0.762368      13.017367
       0.984362       0.982607      -3.406378      -0.753018      13.031912
       0.995990       0.978107      -3.413866      -0.743889      13.046456
       1.007618       0.973607      -3.421355      -0.734984      13.061001
       1.018974       0.968455      -3.428730      -0.726153      13.075546
       1.029455       0.961207      -3.435742      -0.717190      13.090090
       1.039936       0.953959      -3.442754      -0.708707      13.104635
       1.050417       0.946711      -3.449765      -0.700725      13.119179
       1.060897       0.939463      -3.456777      -0.693263      13.133724
       1.071378       0.932216      -3.463789      -0.686332      13.148268
       1.081859       0.924968      -3.470801      -0.679931      13.162813
       1.092340       0.917720      -3.477813      -0.674060      13.177357
       1.102821       0.910472      -3.484825      -0.668717      13.191902
       1.113301       0.903224      -3.491836      -0.663900      13.206446
       1.123782       0.895976      -3.498848      -0.659605      13.220991
       1.134263       0.888728      -3.505860      -0.655829      13.235536
       1.144744       0.881480      -3.512872      -0.652565      13.250080
       1.155225       0.874233      -3.519884      -0.649810      13.264625
       1.165705       0.866985      -3.526895      -0.647560      13.279169
       1.176186       0.859737      -3.533907      -0.645836      13.293714
       1.186667       0.852489      -3.540919      -0.644660      13.308258
       1.197148       0.845241      -3.547931      -0.644050      13.322803
       1.207629       0.837993      -3.554943      -0.644015      13.337347
       1.218109       0.830745      -3.561955      -0.644555      13.351892
       1.228573       0.823506      -3.569001      -0.645661      13.366436
       1.239024       0.816273      -3.576073      -0.647325      13.380981
       1.249475       0.809041      -3.583145      -0.649541      13.395526
       1.259925       0.801808      -3.590216      -0.652324      13.410070
       1.270376       0.794575      -3.597288      -0.655690      13.424615
       1.280827       0.787342      -3.604360      -0.659653      13.439159
       1.291278       0.780109      -3.611432      -0.664222      13.453704
       1.301729       0.772877      -3.618504      -0.669404      13.468248
       1.312180       0.765644      -3.625575      -0.675203      13.482793
       1.322631       0.758411      -3.632647      -0.681622      13.497337
       1.333081       0.751178      -3.639719      -0.688662      13.511882
       1.343532       0.743946      -3.646791      -0.696325      13.526426
       1.353983       0.736713      -3.653863      -0.704604      13.540971
       1.364434       0.729480      -3.660934      -0.713478      13.555516
       1.374885       0.722247      -3.668006      -0.722926      13.570060
       1.385336       0.715015      -3.675078      -0.732924      13.584605
       1.395787       0.707782      -3.682150      -0.743455      13.599149
       1.406238       0.700549      -3.689222      -0.754501      13.613694
       1.416688       0.693316      -3.696294      -0.766048      13.628238
       1.425313       0.685663      -3.705137      -0.777610      13.642783
       1.433833       0.677985      -3.714082      -0.789494      13.657327
       1.442352       0.670308      -3.723027      -0.801621      13.671872
       1.450872       0.662630      -3.731972      -0.813879      13.686416
       1.459391       0.654953      -3.740917      -0.826160      13.700961
       1.467911       0.647275      -3.749862      -0.838363      13.715506
       1.476431       0.639597      -3.758807      -0.850390      13.730050
       1.484950       0.631920      -3.767753      -0.862140      13.744595
       1.493470       0.624242      -3.776698      -0.873509      13.759139
       1.501989       0.616565      -3.785643      -0.884391      13.773684
       1.510509       0.608887      -3.794588      -0.894678      13.788228
       1.519028       0.601209      -3.803533      -0.904254      13.802773
       1.527548       0.593532      -3.812478      -0.913000      13.817317
       1.536067       0.585854      -3.821423      -0.920762      13.831862
       1.544587       0.578177      -3.830368      -0.927365      13.846406
       1.553107       0.570499      -3.839314      -0.932680      13.860951
       1.561626       0.562822      -3.848259      -0.936577      13.875495
       1.564680       0.560245      -3.861214      -0.936827      13.890040
       1.565626       0.559636      -3.875715      -0.934570      13.904585
       1.566573       0.559027      -3.890215      -0.930691      13.919129
       1.567519       0.558418      -3.904716      -0.925295      13.933674
       1.568465       0.557809      -3.919217      -0.918488      13.948218
       1.569411       0.557200      -3.933718      -0.910383      13.962763
       1.570358       0.556591      -3.948219      -0.901094      13.977307
       1.571304       0.555982      -3.962720      -0.890733      13.991852
       1.572250       0.555373      -3.977221      -0.879413      14.006396
       1.573197       0.554764      -3.991722      -0.867243      14.020941
       1.574143       0.554154      -4.006223      -0.854333      14.035485
       1.575089       0.553545      -4.020724      -0.840820      14.050030
       1.576035       0.552936      -4.035225      -0.826876      14.064575
       1.576982       0.552327      -4.049726      -0.812681      14.079119
       1.577928       0.551718      -4.064227      -0.798420      14.093664
       1.578874       0.551109      -4.078728      -0.784281      14.108208
       1.579821       0.550500      -4.093229      -0.770436      14.122753
       1.580767       0.549891      -4.107730      -0.756967      14.137297
       1.581713       0.549282      -4.122231      -0.743940      14.151842
       1.582660       0.548673      -4.136732      -0.731422      14.166386
       1.583606       0.548064      -4.151233      -0.719486      14.180931
       1.584552       0.547454      -4.165733      -0.708203      14.195475
       1.585498       0.546845      -4.180234      -0.697649      14.210020
       1.585548       0.547369      -4.194763      -0.687983      14.224565
       1.585522       0.547989      -4.209295      -0.679099      14.239109
       1.585496       0.548608      -4.223826      -0.670986      14.253654
       1.585470       0.549228      -4.238357      -0.663624      14.268198
       1.585444       0.549847      -4.252889      -0.656988      14.282743
       1.585418       0.550467      -4.267420      -0.651027      14.297287
       1.585391       0.551086      -4.281951      -0.645666      14.311832
       1.585365       0.551706      -4.296483      -0.640834      14.326376
       1.585339       0.552325      -4.311014      -0.636475      14.340921
       1.585313       0.552945      -4.325545      -0.632546      14.355465
       1.585287       0.553564      -4.340077      -0.629020      14.370010
       1.585261       0.554184      -4.354608      -0.625892      14.384555
       1.585235       0.554803      -4.369139      -0.623196      14.399099
       1.585209       0.555423      -4.383671      -0.620979      14.413644
       1.585183       0.556042      -4.398202      -0.619300      14.428188
       1.585157       0.556662      -4.412733      -0.618233      14.442733
       1.585131       0.557281      -4.427264      -0.617868      14.457277
       1.585104       0.557901      -4.441796      -0.618309      14.471822
       1.585078       0.558520      -4.456327      -0.619655      14.486366
       1.585052       0.559140      -4.470858      -0.622030      14.500911
       1.585026       0.559759      -4.485390      -0.625606      14.515455
       1.585000       0.560379      -4.499921      -0.630589      14.530000
