# ort(start) =    -8.1790
#   klo  khi step start
#%    4  701    1    4

# Energy[ev]             flux               DELTA(E)           Probability
0.100000E-01       7.43423708         0.340030047          21.8634710533    
0.101100E-01       7.70360435         0.327506737          23.5219721878    
0.102200E-01       8.12595528         0.317191563          25.6184471068    
0.103300E-01       8.14266352         0.309276243          26.3281248096    
0.104400E-01       7.94672773         0.303958886          26.1440876090    
0.105500E-01       8.14434566         0.301444005          27.0177728840    
0.106600E-01       8.90050605         0.301942524          29.4774844424    
0.107700E-01       9.58285600         0.305671778          31.3501497180    
0.108800E-01       9.35328684         0.312855505          29.8965070917    
0.109900E-01       8.08213210         0.323723840          24.9661319105    
0.111000E-01       6.56943800         0.338513294          19.4067356494    
0.112100E-01       5.78808230         0.357466730          16.1919468616    
0.113200E-01       5.92361381         0.380833341          15.5543466706    
0.114300E-01       6.22771199         0.408868610          15.2315727814    
0.115400E-01       5.86165783         0.441834270          13.2666436849    
0.116500E-01       4.87056892         0.479998263          10.1470553068    
0.117600E-01       4.27854257         0.523634681          8.17085407565    
0.118700E-01       5.17272696         0.573023714          9.02707311124    
0.119800E-01       7.64432107         0.628451583          12.1637390606    
0.120900E-01       10.5858840         0.690210473          15.3371825445    
0.122000E-01       12.5225064         0.758598456          16.5074239902    
0.123100E-01       12.7171224         0.833919411          15.2498217414    
0.124200E-01       11.6107584         0.916482937          12.6688211914    
0.125300E-01       10.3184206          1.00660426          10.2507222049    
0.126400E-01       9.71419212          1.10460414          8.79427461322    
0.127500E-01       9.88400501          1.21080875          8.16314302811    
0.128600E-01       10.2915602          1.32554960          7.76399482804    
0.129700E-01       10.3746995          1.44916339          7.15909577409    
0.130800E-01       10.0111634          1.58199190          6.32820138953    
0.131900E-01       9.51060604          1.72438188          5.51537112358    
0.133000E-01       9.23263201          1.87668490          4.91964955307    
0.134100E-01       9.21869363          2.03925721          4.52061348322    
0.135200E-01       9.16788240          2.21245963          4.14375127538    
0.136300E-01       8.76667264          2.39665737          3.65787481805    
0.137400E-01       8.06233008          2.59221991          3.11020297833    
0.138500E-01       7.51030167          2.79952081          2.68270971325    
0.139600E-01       7.60258818          3.01893759          2.51829922419    
0.140700E-01       8.38984697          3.25085152          2.58081518760    
0.141800E-01       9.37258694          3.49564749          2.68121627222    
0.142900E-01       9.94077083          3.75371383          2.64824951365    
0.144000E-01       9.99594900          4.02544211          2.48319283512    
0.145100E-01       10.1211325          4.31122697          2.34762227504    
0.146200E-01       11.0214393          4.61146596          2.39000773000    
0.147300E-01       12.6922410          4.92655930          2.57628909013    
0.148400E-01       14.1678796          5.25690973          2.69509660501    
0.149500E-01       14.2682457          5.60292230          2.54657211253    
0.150600E-01       12.7942375          5.96500415          2.14488324978    
0.151700E-01       11.0437906          6.34356435          1.74094404848    
0.152800E-01       10.9909724          6.73901365          1.63094675227    
0.153900E-01       13.6722070          7.15176429          1.91172505237    
0.155000E-01       18.1567553          7.58222980          2.39464586966    
0.156100E-01       22.0903600          8.03082474          2.75069630781    
0.157200E-01       23.4566527          8.49796455          2.76026718946    
0.158300E-01       22.1034333          8.98406527          2.46029304046    
0.159400E-01       19.7567229          9.48954335          2.08194664134    
0.160500E-01       18.5584148          10.0148154          1.85309603733    
0.161600E-01       19.4238088          10.5602980          1.83932392078    
0.162700E-01       21.5919800          11.1264075          1.94060661089    
0.163800E-01       23.6094032          11.7135596          2.01556179001    
0.164900E-01       24.7185330          12.3221695          2.00602118189    
0.166000E-01       25.3639207          12.9526511          1.95820303895    
0.167100E-01       26.4489786          13.6054174          1.94400347373    
0.168200E-01       28.1683613          14.2808798          1.97245279915    
0.169300E-01       29.6016601          14.9794481          1.97615158540    
0.170400E-01       29.4940516          15.7015301          1.87841893863    
0.171500E-01       27.5080493          16.4475317          1.67247279598    
0.172600E-01       24.7621592          17.2178560          1.43816739805    
0.173700E-01       23.0947454          18.0129040          1.28212227359    
0.174800E-01       23.6397512          18.8330733          1.25522535618    
0.175900E-01       25.9494960          19.6787589          1.31865511409    
0.177000E-01       28.4632737          20.5503521          1.38505041095    
0.178100E-01       29.9582140          21.4482410          1.39676787258    
0.179200E-01       30.7303244          22.3728096          1.37355678427    
0.180300E-01       32.4285041          23.3244379          1.39032306873    
0.181400E-01       36.5955098          24.3035019          1.50577105918    
0.182500E-01       43.1126388          25.3103729          1.70335850198    
0.183600E-01       49.9015864          26.3454174          1.89412775752    
0.184700E-01       54.2270449          27.4089972          1.97843957922    
0.185800E-01       54.6022193          28.5014687          1.91576861635    
0.186900E-01       51.7830344          29.6231831          1.74805773823    
0.188000E-01       48.1038881          30.7744858          1.56310940472    
0.189100E-01       45.7857535          31.9557164          1.43278757863    
0.190200E-01       45.6206008          33.1672085          1.37547303182    
0.191300E-01       46.9548141          34.4092893          1.36459703207    
0.192400E-01       48.6737560          35.6822797          1.36408761826    
0.193500E-01       50.1056990          36.9864938          1.35470259373    
0.194600E-01       51.1068602          38.3222386          1.33360842346    
0.195700E-01       51.5999610          39.6898143          1.30008068611    
0.196800E-01       51.3997485          41.0895136          1.25092131867    
0.197900E-01       50.6725214          42.5216216          1.19168835674    
0.199000E-01       50.4141885          43.9864159          1.14613085727    
0.200100E-01       52.0451872          45.4841660          1.14424846624    
0.201200E-01       56.0832132          47.0151334          1.19287576385    
0.202300E-01       61.0482062          48.5795713          1.25666416035    
0.203400E-01       63.9323331          50.1777245          1.27411782486    
0.204500E-01       62.2922745          51.8098289          1.20232542459    
0.205600E-01       56.3799297          53.4761119          1.05430121548    
0.206700E-01       49.3815323          55.1767917         0.894969257473    
0.207800E-01       45.3373234          56.9120774         0.796620426019    
0.208900E-01       46.3984633          58.6821689         0.790673967833    
0.210000E-01       51.7563076          60.4872565         0.855656392122    
0.211100E-01       59.0823060          62.3275208         0.947932874946    
0.212200E-01       66.9682348          64.2031329          1.04306802135    
0.213300E-01       75.9073427          66.1142537          1.14812371701    
0.214400E-01       86.8093179          68.0610341          1.27546281032    
0.215500E-01       98.5770972          70.0436151          1.40736735325    
0.216600E-01       107.422385          72.0621269          1.49069128368    
0.217700E-01       109.115503          74.1166897          1.47221230590    
0.218800E-01       102.528498          76.2074129          1.34538746640    
0.219900E-01       91.3175416          78.3343952          1.16574004680    
0.221000E-01       81.9526384          80.4977247          1.01807397250    
0.222100E-01       79.4232889          82.6974785         0.960407624410    
0.223200E-01       84.0181892          84.9337226         0.989220613598    
0.224300E-01       91.6989694          87.2065122          1.05151515769    
0.225400E-01       97.5526108          89.5158911          1.08977981041    
0.226500E-01       99.3439510          91.8618918          1.08144899947    
0.227600E-01       98.4212221          94.2445358          1.04431754347    
0.228700E-01       97.7539018          96.6638329          1.01127690503    
0.229800E-01       99.2778028          99.1197816          1.00159424541    
0.230900E-01       102.887925          101.612369          1.01255315965    
0.232000E-01       107.487576          104.141570          1.03212940656    
0.233100E-01       112.522411          106.707348          1.05449543726    
0.234200E-01       118.269478          109.309656          1.08196734430    
0.235300E-01       124.742862          111.948433          1.11428859245    
0.236400E-01       130.651249          114.623609          1.13982843995    
0.237500E-01       133.800358          117.335100          1.14032679336    
0.238600E-01       132.802428          120.082811          1.10592371389    
0.239700E-01       128.541833          122.866635          1.04618990714    
0.240800E-01       123.959616          125.686453         0.986260751715    
0.241900E-01       122.212137          128.542136         0.950755458853    
0.243000E-01       124.675236          131.433540         0.948580061072    
0.244100E-01       130.323778          134.360512         0.969955947385    
0.245200E-01       136.784185          137.322885         0.996077126602    
0.246300E-01       142.038550          140.320482          1.01224388669    
0.247400E-01       145.465641          143.353112          1.01473653535    
0.248500E-01       147.691630          146.420576          1.00868084119    
0.249600E-01       149.731206          149.522659          1.00139475254    
0.250700E-01       152.270891          152.659137         0.997456776524    
0.251800E-01       155.546310          155.829774         0.998180938684    
0.252900E-01       159.616613          159.034321          1.00366142178    
0.254000E-01       164.533140          162.272519          1.01393101327    
0.255100E-01       170.120450          165.544098          1.02764430996    
0.256200E-01       175.580554          168.848773          1.03986869607    
0.257300E-01       179.462017          172.186253          1.04225519801    
0.258400E-01       180.382962          175.556231          1.02749393158    
0.259500E-01       178.265893          178.958392         0.996130390241    
0.260600E-01       175.156021          182.392407         0.960325176412    
0.261700E-01       174.613606          185.857940         0.939500387084    
0.262800E-01       179.562453          189.354639         0.948286523711    
0.263900E-01       189.879139          192.882146         0.984430868692    
0.265000E-01       201.724200          196.440089          1.02689935083    
0.266100E-01       209.679998          200.028087          1.04825277962    
0.267200E-01       210.546529          203.645747          1.03388620811    
0.268300E-01       205.931484          207.292667         0.993433519722    
0.269400E-01       201.305842          210.968435         0.954198869142    
0.270500E-01       201.926782          214.672627         0.940626596289    
0.271600E-01       208.772364          218.404811         0.955896363740    
0.272700E-01       217.859609          222.164543         0.980622767222    
0.273800E-01       223.576522          225.951371         0.989489558945    
0.274900E-01       223.242609          229.764832         0.971613482490    
0.276000E-01       219.091244          233.604456         0.937872706997    
0.277100E-01       216.198823          237.469761         0.910426749685    
0.278200E-01       218.425474          241.360257         0.904976972560    
0.279300E-01       225.928490          245.275444         0.921121522675    
0.280400E-01       236.011406          249.214814         0.947019971500    
0.281500E-01       245.887636          253.177851         0.971205165170    
0.282600E-01       254.483192          257.164029         0.989575383727    
0.283700E-01       261.901146          261.172814          1.00278869894    
0.284800E-01       267.833199          265.203665          1.00991515044    
0.285900E-01       271.186068          269.256031          1.00716803576    
0.287000E-01       271.556214          273.329355         0.993512806086    
0.288100E-01       270.817052          277.423071         0.976187927342    
0.289200E-01       272.630422          281.536606         0.968365807081    
0.290300E-01       279.754418          285.669380         0.979294381582    
0.291400E-01       291.480870          289.820805          1.00572790257    
0.292500E-01       303.768480          293.990287          1.03326025876    
0.293600E-01       312.240057          298.177226          1.04716266048    
0.294700E-01       315.475963          302.381012          1.04330612811    
0.295800E-01       315.664338          306.601034          1.02956058034    
0.296900E-01       316.080016          310.836669          1.01686849385    
0.298000E-01       317.781192          315.087293          1.00854969186    
0.299100E-01       318.595761          319.352273         0.997631104179    
0.300200E-01       315.332200          323.630973         0.974357296968    
0.301300E-01       307.229509          327.922749         0.936895989343    
0.302400E-01       297.603474          332.226954         0.895783652296    
0.303500E-01       292.264765          336.542935         0.868432329623    
0.304600E-01       295.977777          340.870035         0.868300956336    
0.305700E-01       309.633583          345.207591         0.896948941381    
0.306800E-01       329.945678          349.554938         0.943902209529    
0.307900E-01       351.404948          353.911405         0.992917843281    
0.309000E-01       368.824977          358.276318          1.02944280473    
0.310100E-01       379.006049          362.648999          1.04510435805    
0.311200E-01       381.213162          367.028767          1.03864654598    
0.312300E-01       376.986929          371.414939          1.01500206314    
0.313400E-01       369.656482          375.806825         0.983634296799    
0.314500E-01       363.348302          380.203736         0.955667362436    
0.315600E-01       361.264964          384.604980         0.939314317533    
0.316700E-01       363.810015          389.009860         0.935220548634    
0.317800E-01       367.941822          393.417680         0.935244754355    
0.318900E-01       368.841029          397.827741         0.927137528700    
0.320000E-01       363.382050          402.239342         0.903397585450    
0.321100E-01       353.164461          406.651779         0.868468993499    
0.322200E-01       344.607746          411.064350         0.838330412388    
0.323300E-01       345.435815          415.476350         0.831421125354    
0.324400E-01       359.591903          419.887073         0.856401460067    
0.325500E-01       384.078580          424.295813         0.905214165200    
0.326600E-01       410.088665          428.701864         0.956582417100    
0.327700E-01       427.811800          433.104518         0.987779582913    
0.328800E-01       431.747962          437.503068         0.986845564271    
0.329900E-01       423.182612          441.896809         0.957650301553    
0.331000E-01       408.680039          446.285034         0.915737720331    
0.332100E-01       396.165000          450.667037         0.879063626618    
0.333200E-01       391.322596          455.042113         0.859970064689    
0.334300E-01       396.097302          459.409560         0.862187764126    
0.335400E-01       409.206423          463.768674         0.882350287477    
0.336500E-01       427.447475          468.119261         0.913116614863    
0.337600E-01       446.798823          472.459673         0.945686687537    
0.338700E-01       463.196046          476.789587         0.971489434274    
0.339800E-01       473.352215          481.108376         0.983878558798    
0.340900E-01       475.725463          485.415346         0.980037954793    
0.342000E-01       471.226936          489.709808         0.962257502571    
0.343100E-01       463.148393          493.991072         0.937564298582    
0.344200E-01       456.170140          498.258455         0.915529150520    
0.345300E-01       454.786312          502.511274         0.905027081430    
0.346400E-01       461.697748          506.748850         0.911097772259    
0.347500E-01       476.685635          510.970507         0.932902445175    
0.348600E-01       496.378753          515.175574         0.963513757791    
0.349700E-01       515.180625          519.363383         0.991946374732    
0.350800E-01       527.275738          523.533269          1.00714848364    
0.351900E-01       529.078331          527.684572          1.00264127267    
0.353000E-01       521.038273          531.816637         0.979732931248    
0.354100E-01       507.782700          535.928813         0.947481620033    
0.355200E-01       496.260132          540.020452         0.918965439523    
0.356300E-01       492.560846          544.090913         0.905291440371    
0.357400E-01       498.902687          548.139559         0.910174569283    
0.358500E-01       512.437994          552.165758         0.928051017812    
0.359600E-01       526.797607          556.168884         0.947190003547    
0.360700E-01       535.760697          560.148316         0.956462210540    
0.361800E-01       536.859975          564.103438         0.951704843494    
0.362900E-01       532.337044          568.033641         0.937157599880    
0.364000E-01       526.499726          571.938321         0.920553330233    
0.365100E-01       521.479831          575.816881         0.905634845100    
0.366200E-01       515.259087          579.668728         0.888885430753    
0.367300E-01       504.391306          583.493277         0.864433791902    
0.368400E-01       489.541326          587.289950         0.833559855057    
0.369500E-01       478.421653          591.058175         0.809432427594    
0.370600E-01       481.886656          594.797386         0.810169424694    
0.371700E-01       504.921081          598.507025         0.843634343630    
0.372800E-01       540.058311          602.186539         0.896828932127    
0.373900E-01       570.337410          605.835385         0.941406566579    
0.375000E-01       581.261276          609.453025         0.953742539275    
0.376100E-01       572.539233          613.038929         0.933936175661    
0.377200E-01       559.083964          616.592575         0.906731586647    
0.378300E-01       559.222989          620.113447         0.901807550802    
0.379400E-01       579.491073          623.601039         0.929265727286    
0.380500E-01       609.118772          627.054850         0.971396318138    
0.381600E-01       629.215511          630.474389         0.998003284276    
0.382700E-01       628.555832          633.859172         0.991633251283    
0.383800E-01       611.919003          637.208723         0.960311716279    
0.384900E-01       593.935550          640.522575         0.927267161604    
0.386000E-01       584.941496          643.800269         0.908576035364    
0.387100E-01       582.574836          647.041353         0.900367238795    
0.388200E-01       576.832186          650.245487         0.887099098179    
0.389300E-01       562.895616          653.446705         0.861425441538    
0.390400E-01       548.326159          656.611032         0.835085207260    
0.391500E-01       546.768916          659.700358         0.828814034694    
0.392600E-01       563.751349          662.750836         0.850623369615    
0.393700E-01       588.396485          665.762174         0.883793804153    
0.394800E-01       599.853767          668.733983         0.896999078394    
0.395900E-01       583.672183          671.665880         0.868991859926    
0.397000E-01       543.990934          674.557493         0.806441170001    
0.398100E-01       500.911869          677.408457         0.739453225739    
0.399200E-01       475.296504          680.218417         0.698741010015    
0.400300E-01       473.729334          682.987027         0.693613956619    
0.401400E-01       485.561184          685.713951         0.708110406027    
0.402500E-01       493.365131          688.398859         0.716684992646    
0.403600E-01       487.477951          691.041434         0.705425067726    
0.404700E-01       473.137582          693.641366         0.682106927920    
0.405800E-01       465.598169          696.198355         0.668772290758    
0.406900E-01       477.948054          698.712109         0.684041463381    
0.408000E-01       511.001544          701.182347         0.728771261590    
0.409100E-01       552.220775          703.608796         0.784840635540    
0.410200E-01       583.967393          705.991193         0.827159599685    
0.411300E-01       595.224475          708.329284         0.840321709577    
0.412400E-01       588.785139          710.622825         0.828548026156    
0.413500E-01       578.827193          712.871579         0.811965590559    
0.414600E-01       580.245549          715.075322         0.811446754309    
0.415700E-01       597.263990          717.233836         0.832732590763    
0.416800E-01       620.122867          719.346914         0.862063705855    
0.417900E-01       633.032298          721.414359         0.877487798834    
0.419000E-01       627.469061          723.435982         0.867345662699    
0.420100E-01       609.705085          725.411603         0.840495358776    
0.421200E-01       595.605182          727.341052         0.818880194365    
0.422300E-01       596.760196          729.224169         0.818349447009    
0.423400E-01       610.360957          731.060803         0.834897664409    
0.424500E-01       622.494926          732.850811         0.849415620613    
0.425600E-01       622.218124          734.594060         0.847023080990    
0.426700E-01       613.022729          736.290426         0.832582778146    
0.427800E-01       610.006473          737.939796         0.826634470955    
0.428900E-01       624.561932          739.542063         0.844525231672    
0.430000E-01       651.158953          741.097131         0.878641847881    
0.431100E-01       669.877116          742.604913         0.902063942215    
0.432200E-01       663.618575          744.065332         0.891882133214    
0.433300E-01       634.215082          745.478317         0.850749200715    
0.434400E-01       601.738214          746.843808         0.805708245534    
0.435500E-01       587.065894          748.161755         0.784677765085    
0.436600E-01       594.254204          749.432114         0.792939337328    
0.437700E-01       609.981253          750.654853         0.812598826385    
0.438800E-01       620.718917          751.829946         0.825610791024    
0.439900E-01       630.183943          752.957378         0.836945040062    
0.441000E-01       658.228726          754.037140         0.872939395591    
0.442100E-01       720.058665          755.069235         0.953632635668    
0.443200E-01       804.894815          756.053671          1.06460010119    
0.444300E-01       875.924046          756.990468          1.15711370668    
0.445400E-01       894.819115          757.879651          1.18068761244    
0.446500E-01       851.089576          758.721255          1.12174210302    
0.447600E-01       770.807529          759.515325          1.01486764560    
0.448700E-01       696.739557          760.261911         0.916446749316    
0.449800E-01       656.791425          760.961073         0.863107783674    
0.450900E-01       647.246831          761.612879         0.849837035466    
0.452000E-01       643.260267          762.217404         0.843932798801    
0.453100E-01       624.913578          762.774733         0.819263605917    
0.454200E-01       594.911455          763.284956         0.779409379911    
0.455300E-01       573.670011          763.748174         0.751124560289    
0.456400E-01       578.712549          764.164493         0.757314104240    
0.457500E-01       608.102223          764.534028         0.795389349529    
0.458600E-01       641.749137          764.856901         0.839044710115    
0.459700E-01       657.382734          765.133241         0.859174191058    
0.460800E-01       646.312136          765.363186         0.844451559030    
0.461900E-01       617.086956          765.546880         0.806073372590    
0.463000E-01       587.409599          765.684475         0.767169269684    
0.464100E-01       573.406245          765.776129         0.748790963235    
0.465200E-01       583.803462          765.822007         0.762322650321    
0.466300E-01       619.170276          765.822282         0.808503865993    
0.467400E-01       672.309615          765.777134         0.877944227593    
0.468500E-01       728.529523          765.686749         0.951472027122    
0.469600E-01       768.775529          765.551319          1.00421161914    
0.470700E-01       777.776062          765.371043          1.01620784966    
0.471800E-01       753.448587          765.146129         0.984712016540    
0.472900E-01       709.737971          764.876786         0.927911507056    
0.474000E-01       668.686426          764.563235         0.874599242961    
0.475100E-01       646.600497          764.205699         0.846107923375    
0.476200E-01       644.983648          763.804409         0.844435617494    
0.477300E-01       653.227100          763.359602         0.855726577648    
0.478400E-01       659.871550          762.871520         0.864983858025    
0.479500E-01       662.072251          762.340411         0.868473246045    
0.480600E-01       665.381697          761.766529         0.873471951198    
0.481700E-01       675.424617          761.150134         0.887373708482    
0.482800E-01       690.303757          760.491490         0.907707404942    
0.483900E-01       701.060819          759.790868         0.922702349559    
0.485000E-01       699.345338          759.048543         0.921344680985    
0.486100E-01       684.787948          758.264796         0.903098695438    
0.487200E-01       665.440016          757.439912         0.878538356575    
0.488300E-01       651.448647          756.574183         0.861050590785    
0.489400E-01       648.011013          755.667902         0.857534124772    
0.490500E-01       653.425094          754.721372         0.865783212482    
0.491600E-01       662.785055          753.734896         0.879334443911    
0.492700E-01       672.980877          752.708783         0.894078681691    
0.493800E-01       684.360067          751.643348         0.910485096759    
0.494900E-01       698.155437          750.538909         0.930205520930    
0.496000E-01       712.668759          749.395787         0.950991146549    
0.497100E-01       721.995064          748.214310         0.964957571443    
0.498200E-01       718.731110          746.994807         0.962163462518    
0.499300E-01       698.961616          745.737613         0.937275529146    
0.500400E-01       666.129322          744.443066         0.894802238585    
0.501500E-01       630.926127          743.111507         0.849032913332    
0.502600E-01       606.551329          741.743281         0.817737544083    
0.503700E-01       601.471001          740.338738         0.812426758324    
0.504800E-01       613.814986          738.898230         0.830716547177    
0.505900E-01       631.360583          737.422111         0.856172568236    
0.507000E-01       638.111778          735.910907         0.867104662496    
0.508100E-01       624.116207          734.318099         0.849926221924    
0.509200E-01       592.339176          732.740896         0.808388311985    
0.510300E-01       557.664412          731.125106         0.762748272978    
0.511400E-01       538.124645          729.475520         0.737687051561    
0.512500E-01       543.875563          727.792531         0.747294785385    
0.513600E-01       571.166148          726.076515         0.786647324467    
0.514700E-01       605.205250          724.327849         0.835540495666    
0.515800E-01       629.778103          722.546914         0.871608598300    
0.516900E-01       637.050772          720.734092         0.883891547999    
0.518000E-01       631.177646          718.889766         0.877989471715    
0.519100E-01       623.719980          717.014324         0.869884964958    
0.520200E-01       624.371956          715.108154         0.873115419887    
0.521300E-01       633.499841          713.171646         0.888285232427    
0.522400E-01       641.695558          711.205191         0.902265009751    
0.523500E-01       636.771817          709.209183         0.897861776830    
0.524600E-01       613.394859          707.184018         0.867376585652    
0.525700E-01       578.388085          705.130091         0.820257271827    
0.526800E-01       547.464654          703.047802         0.778701893735    
0.527900E-01       535.265103          700.937548         0.763641646487    
0.529000E-01       545.755733          698.799730         0.780990189280    
0.530100E-01       570.078017          696.634749         0.818331295548    
0.531200E-01       593.336439          694.443008         0.854406238995    
0.532300E-01       604.819453          692.224910         0.873732574558    
0.533400E-01       603.613984          689.980859         0.874827142688    
0.534500E-01       595.833510          687.711260         0.866400689910    
0.535600E-01       587.088842          685.416518         0.856543177522    
0.536700E-01       577.712708          683.097039         0.845725680100    
0.537800E-01       565.006320          680.753229         0.829972295179    
0.538900E-01       549.483429          678.385494         0.809986996945    
0.540000E-01       537.828225          675.994243         0.795610659299    
0.541100E-01       538.403670          673.579881         0.799316732162    
0.542200E-01       552.843318          671.142817         0.823734239975    
0.543300E-01       572.007704          668.683457         0.855423740184    
0.544400E-01       581.360976          666.202209         0.872649427031    
0.545500E-01       572.201258          663.699480         0.862139077836    
0.546600E-01       549.194959          661.175676         0.830633943991    
0.547700E-01       527.246895          658.631204         0.800519154872    
0.548800E-01       519.902910          656.066470         0.792454627320    
0.549900E-01       528.978167          653.481881         0.809476410876    
0.551000E-01       544.055376          650.877840         0.835879395434    
0.552100E-01       551.832818          648.254753         0.851259193281    
0.553200E-01       546.883013          645.613024         0.847075558457    
0.554300E-01       534.687851          642.953056         0.831612582081    
0.555400E-01       525.123149          640.275250         0.820152191308    
0.556500E-01       522.960713          637.580009         0.820227588075    
0.557600E-01       523.936979          634.867733         0.825269503422    
0.558700E-01       519.240318          632.138822         0.821402357022    
0.559800E-01       503.609388          629.393673         0.800150065289    
0.560900E-01       479.618036          626.632684         0.765389434617    
0.562000E-01       454.974337          623.856251         0.729293545091    
0.563100E-01       436.211976          621.064769         0.702361489023    
0.564200E-01       424.811109          618.258630         0.687109064142    
0.565300E-01       418.604610          615.438228         0.680173234226    
0.566400E-01       415.976578          612.603951         0.679030190552    
0.567500E-01       418.119659          609.756190         0.685716137735    
0.568600E-01       427.222080          606.895331         0.703946888528    
0.569700E-01       442.825377          604.021759         0.733128186468    
0.570800E-01       460.299780          601.135860         0.765716720965    
0.571900E-01       473.064983          598.238015         0.790763828203    
0.573000E-01       476.534071          595.328604         0.800455525365    
0.574100E-01       470.440170          592.408006         0.794115144624    
0.575200E-01       458.139980          589.476598         0.777197911286    
0.576300E-01       444.288875          586.534753         0.757480904071    
0.577400E-01       433.089299          583.582845         0.742121367240    
0.578500E-01       427.782884          580.621243         0.736767538817    
0.579600E-01       430.367136          577.650317         0.745030554540    
0.580700E-01       440.673473          574.670432         0.766828164447    
0.581800E-01       455.517356          571.681952         0.796802057488    
0.582900E-01       469.432273          568.685240         0.825469415745    
0.584000E-01       477.269238          565.680653         0.843707902355    
0.585100E-01       476.923054          562.668551         0.847609224773    
0.586200E-01       469.991723          559.649286         0.839796878785    
0.587300E-01       459.998976          556.623211         0.826409978450    
0.588400E-01       450.039167          553.590676         0.812945713476    
0.589500E-01       441.918975          550.552029         0.802683400077    
0.590600E-01       436.872201          547.507614         0.797928996113    
0.591700E-01       436.047437          544.457772         0.800883850251    
0.592800E-01       439.461776          541.402845         0.811709395815    
0.593900E-01       444.479079          538.343167         0.825642650136    
0.595000E-01       446.259419          535.279075         0.833694870867    
0.596100E-01       441.033821          532.210898         0.828682431098    
0.597200E-01       429.822274          529.138967         0.812305086058    
0.598300E-01       418.863008          526.063606         0.796221222217    
0.599400E-01       415.493597          522.985140         0.794465398693    
0.600500E-01       422.489680          519.903887         0.812630354462    
0.601600E-01       435.719655          516.820167         0.843077887589    
0.602700E-01       447.315847          513.734293         0.870714399345    
0.603800E-01       451.715317          510.646578         0.884594819724    
0.604900E-01       449.444698          507.557329         0.885505286014    
0.606000E-01       445.703059          504.466853         0.883513071679    
0.607100E-01       445.447296          501.375453         0.888450548085    
0.608200E-01       449.429935          498.283428         0.901956416063    
0.609300E-01       454.233512          495.191076         0.917289374860    
0.610400E-01       455.590002          492.098689         0.925810233422    
0.611500E-01       451.822411          489.006560         0.923959815997    
0.612600E-01       444.902222          485.914976         0.915596851526    
0.613700E-01       439.004002          482.824220         0.909241881098    
0.614800E-01       438.034169          479.734576         0.913076087291    
0.615900E-01       443.494152          476.646320         0.930447028176    
0.617000E-01       453.310732          473.559730         0.957240879288    
0.618100E-01       462.103639          470.475075         0.982206418842    
0.619200E-01       463.397000          467.392627         0.991451242303    
0.620300E-01       453.367263          464.312649         0.976426689216    
0.621400E-01       433.972885          461.235406         0.940892393071    
0.622500E-01       412.631410          458.161157         0.900625040171    
0.623600E-01       397.628486          455.090157         0.873735632968    
0.624700E-01       392.129053          452.022660         0.867498664005    
0.625800E-01       391.638589          448.958916         0.872326120980    
0.626900E-01       387.555643          445.899171         0.869155334525    
0.628000E-01       374.404389          442.843669         0.845454987111    
0.629100E-01       354.850698          439.792640         0.806859108774    
0.630200E-01       338.108995          436.744478         0.774157456901    
0.631300E-01       332.815925          433.637016         0.767498881063    
0.632400E-01       340.132099          430.600493         0.789901787157    
0.633500E-01       352.610291          427.569924         0.824684503023    
0.634600E-01       359.528775          424.544996         0.846856700868    
0.635700E-01       354.254398          421.525928         0.840409508537    
0.636800E-01       338.068281          418.512939         0.807784536848    
0.637900E-01       318.267902          415.506243         0.765976221268    
0.639000E-01       302.922559          412.506050         0.734346947561    
0.640100E-01       296.564803          409.512569         0.724189744494    
0.641200E-01       299.331578          406.526005         0.736315939894    
0.642300E-01       308.819873          403.546559         0.765264544104    
0.643400E-01       322.163160          400.574429         0.804252933858    
0.644500E-01       336.655160          397.609810         0.846697319496    
0.645600E-01       349.305840          394.652894         0.885096360313    
0.646700E-01       356.865736          391.703870         0.911060021063    
0.647800E-01       357.149424          388.762923         0.918681805740    
0.648900E-01       350.808602          385.830235         0.909230459639    
0.650000E-01       341.765663          382.905986         0.892557640191    
