# ort(start) =    -8.1790
#   klo  khi step start
#%    4  422    1    4

# Energy[ev]             flux               DELTA(E)           Probability
0.200000E-01       131.057035          119.084800          1.10053537100    
0.200900E-01       132.771783          120.950427          1.09773720398    
0.201800E-01       133.614688          122.830521          1.08779713450    
0.202700E-01       133.704392          124.724992          1.07199359694    
0.203600E-01       133.200763          126.633747          1.05185834162    
0.204500E-01       132.283892          128.556690          1.02899267049    
0.205400E-01       131.143773          130.493724          1.00498145349    
0.206300E-01       129.978212          132.444749         0.981376862380    
0.207200E-01       128.992672          134.409662         0.959697912792    
0.208100E-01       128.394627          136.388358         0.941389926310    
0.209000E-01       128.377180          138.380731         0.927709944742    
0.209900E-01       129.091429          140.386670         0.919541931590    
0.210800E-01       130.612818          142.406063         0.917185792198    
0.211700E-01       132.911451          144.438798         0.920192171201    
0.212600E-01       135.838174          146.484758         0.927319506821    
0.213500E-01       139.136099          148.543824         0.936667003627    
0.214400E-01       142.481388          150.615876         0.945991823147    
0.215300E-01       145.548788          152.700792         0.953163281897    
0.216200E-01       148.089126          154.798446         0.956657708276    
0.217100E-01       150.000121          156.908711         0.955970644518    
0.218000E-01       151.370687          159.031458         0.951828576766    
0.218900E-01       152.483190          161.166557         0.946121778638    
0.219800E-01       153.767344          163.313874         0.941544890541    
0.220700E-01       155.711418          165.473274         0.941006448790    
0.221600E-01       158.748228          167.644620         0.946933030905    
0.222500E-01       163.141658          169.827773         0.960630028890    
0.223400E-01       168.901770          172.022591         0.981858070742    
0.224300E-01       175.751793          174.228933          1.00874056984    
0.225200E-01       183.159251          176.446652          1.03804322072    
0.226100E-01       190.428582          178.675602          1.06577831163    
0.227000E-01       196.837517          180.915636          1.08800721677    
0.227900E-01       201.787941          183.166602          1.10166339945    
0.228800E-01       204.937054          185.428348          1.10520886608    
0.229700E-01       206.277865          187.700721          1.09897215226    
0.230600E-01       206.148785          189.983565          1.08508746855    
0.231500E-01       205.168014          192.276723          1.06704550983    
0.232400E-01       204.105688          194.580035          1.04895493262    
0.233300E-01       203.721349          196.893343          1.03467870473    
0.234200E-01       204.602577          199.216482          1.02703639304    
0.235100E-01       207.040771          201.549290          1.02724634031    
0.236000E-01       210.971831          203.891602          1.03472545707    
0.236900E-01       215.995025          206.243250          1.04728288491    
0.237800E-01       221.465826          208.604066          1.06165632530    
0.238700E-01       226.642124          210.973881          1.07426626644    
0.239600E-01       230.851605          213.352524          1.08201956424    
0.240500E-01       233.643697          215.739821          1.08298827355    
0.241400E-01       234.893165          218.135600          1.07682177763    
0.242300E-01       234.833162          220.539685          1.06481136117    
0.243200E-01       234.010740          222.951900          1.04960191014    
0.244100E-01       233.174166          225.372066          1.03461875329    
0.245000E-01       233.115435          227.800005          1.02333375795    
0.245900E-01       234.500256          230.235536          1.01852329076    
0.246800E-01       237.720054          232.678478          1.02166756253    
0.247700E-01       242.795906          235.128649          1.03260877605    
0.248600E-01       249.354049          237.585865          1.04953234074    
0.249500E-01       256.678787          240.049941          1.06927244378    
0.250400E-01       263.834025          242.520691          1.08788253914    
0.251300E-01       269.831777          244.997929          1.10136350228    
0.252200E-01       273.817187          247.481466          1.10641492157    
0.253100E-01       275.236183          249.971115          1.10107195155    
0.254000E-01       273.954365          252.466685          1.08511095281    
0.254900E-01       270.303735          254.967985          1.06014774477    
0.255800E-01       265.046083          257.474825          1.02940581543    
0.256700E-01       259.256335          259.987012         0.997189560488    
0.257600E-01       254.143643          262.504353         0.968150204954    
0.258500E-01       250.839964          265.026655         0.946470702460    
0.259400E-01       250.193138          267.553721         0.935113652672    
0.260300E-01       252.602511          270.085359         0.935269175762    
0.261200E-01       257.929185          272.621370         0.946107727229    
0.262100E-01       265.500749          275.161560         0.964890405235    
0.263000E-01       274.213550          277.705730         0.987424888059    
0.263900E-01       282.717176          280.253684          1.00879022145    
0.264800E-01       289.649333          282.805222          1.02420079354    
0.265700E-01       293.878182          285.360146          1.02985012730    
0.266600E-01       294.706167          287.918257          1.02357582397    
0.267500E-01       291.995507          290.479354          1.00521948674    
0.268400E-01       286.190256          293.043239         0.976614431419    
0.269300E-01       278.230245          295.609710         0.941208071426    
0.270200E-01       269.374435          298.178566         0.903399725796    
0.271100E-01       260.970123          300.749607         0.867732216450    
0.272000E-01       254.215893          303.322630         0.838103943934    
0.272900E-01       249.967238          305.897435         0.817160296179    
0.273800E-01       248.623882          308.473818         0.805980498970    
0.274700E-01       250.118989          311.051579         0.804107761130    
0.275600E-01       254.006971          313.630514         0.809892405157    
0.276500E-01       259.623883          316.210422         0.821047837266    
0.277400E-01       266.277978          318.791099         0.835274193993    
0.278300E-01       273.421975          321.372343         0.850794978704    
0.279200E-01       280.764433          323.953951         0.866680071758    
0.280100E-01       288.294152          326.535721         0.882887027380    
0.281000E-01       296.214538          329.117450         0.900026840485    
0.281900E-01       304.808663          331.698935         0.918931689686    
0.282800E-01       314.274175          334.279974         0.940152566727    
0.283700E-01       324.575573          336.860364         0.963531504357    
0.284600E-01       335.357185          339.439903         0.987972192435    
0.285500E-01       345.944646          342.018388          1.01147966718    
0.286400E-01       355.439454          344.595619          1.03146829069    
0.287300E-01       362.886441          347.171393          1.04526596417    
0.288200E-01       367.474087          349.745508          1.05068993988    
0.289100E-01       368.717928          352.317764          1.04654935284    
0.290000E-01       366.580420          354.887959          1.03294691024    
0.290900E-01       361.496036          357.455893          1.01130249560    
0.291800E-01       354.294008          360.021365         0.984091619041    
0.292700E-01       346.037060          362.584177         0.954363377901    
0.293600E-01       337.815733          365.144127         0.925157238413    
0.294500E-01       330.549021          367.701019         0.898961395043    
0.295400E-01       324.839891          370.254652         0.877341822069    
0.296300E-01       320.919438          372.804829         0.860824252932    
0.297200E-01       318.689720          375.351353         0.849043750932    
0.298100E-01       317.848997          377.894026         0.841106170670    
0.299000E-01       318.061167          380.432652         0.836051177373    
0.299900E-01       319.119485          382.967036         0.833281861751    
0.300800E-01       321.056399          385.496982         0.832837645430    
0.301700E-01       324.166167          388.022297         0.835431804266    
0.302600E-01       328.930974          390.542785         0.842240561452    
0.303500E-01       335.868226          393.058254         0.854499867605    
0.304400E-01       345.339375          395.568512         0.873020385568    
0.305300E-01       357.372945          398.073367         0.897756479441    
0.306200E-01       371.552942          400.572628         0.927554496139    
0.307100E-01       387.008764          403.066106         0.960162013369    
0.308000E-01       402.517752          405.553610         0.992514285560    
0.308900E-01       416.703126          408.034953          1.02124370160    
0.309800E-01       428.285310          410.509948          1.04330068559    
0.310700E-01       436.330120          412.978407          1.05654463548    
0.311600E-01       440.436571          415.440144          1.06016853915    
0.312500E-01       440.820376          417.894976          1.05485923660    
0.313400E-01       438.273261          420.342719          1.04265695978    
0.314300E-01       434.006895          422.783189          1.02654719270    
0.315200E-01       429.416458          425.216204          1.00987792416    
0.316100E-01       425.816292          427.641585         0.995731721774    
0.317000E-01       424.204668          430.059151         0.986386796323    
0.317900E-01       425.105743          432.468723         0.982974537430    
0.318800E-01       428.517031          434.870125         0.985390825291    
0.319700E-01       433.965390          437.263179         0.992458115970    
0.320600E-01       440.650106          439.647710          1.00227999828    
0.321500E-01       447.633985          442.023543          1.01269262991    
0.322400E-01       454.036386          444.390507          1.02170586104    
0.323300E-01       459.186651          446.748429          1.02784166870    
0.324200E-01       462.710517          449.097138          1.03031277192    
0.325100E-01       464.541341          451.436465          1.02902928134    
0.326000E-01       464.867022          453.766241          1.02446365413    
0.326900E-01       464.037484          456.086300          1.01743350688    
0.327800E-01       462.463287          458.396476          1.00887181988    
0.328700E-01       460.532732          460.696605         0.999644294351    
0.329600E-01       458.564559          462.986523         0.990449044036    
0.330500E-01       456.799612          465.266068         0.981802980241    
0.331400E-01       455.422047          467.535080         0.974091713188    
0.332300E-01       454.592425          469.793401         0.967643275948    
0.333200E-01       454.473559          472.040872         0.962784339876    
0.334100E-01       455.235084          474.277336         0.959849963207    
0.335000E-01       457.032386          476.502639         0.959139254643    
0.335900E-01       459.966331          478.716628         0.960832158546    
0.336800E-01       464.038561          480.919150         0.964899319648    
0.337700E-01       469.120304          483.110055         0.971042312150    
0.338600E-01       474.949533          485.289192         0.978693819985    
0.339500E-01       481.162943          487.456415         0.987089158192    
0.340400E-01       487.358200          489.611578         0.995397621589    
0.341300E-01       493.171662          491.754534          1.00288177901    
0.342200E-01       498.350596          493.885142          1.00904148209    
0.343100E-01       502.798899          496.003259          1.01370079858    
0.344000E-01       506.581698          498.108744          1.01701024863    
0.344900E-01       509.885231          500.201460          1.01935974114    
0.345800E-01       512.941147          502.281269          1.02122292429    
0.346700E-01       515.934913          504.348036          1.02297397157    
0.347600E-01       518.923510          506.401625          1.02472718054    
0.348500E-01       521.786121          508.441906          1.02624530930    
0.349400E-01       524.223511          510.468746          1.02694536172    
0.350300E-01       525.809213          512.482018          1.02600519727    
0.351200E-01       526.082014          514.481592          1.02254778902    
0.352100E-01       524.658201          516.467343          1.01585939219    
0.353000E-01       521.336601          518.439146          1.00558880455    
0.353900E-01       516.171028          520.396879         0.991879561480    
0.354800E-01       509.492824          522.340421         0.975403785215    
0.355700E-01       501.878455          524.269652         0.957290687130    
0.356600E-01       494.070227          526.184453         0.938967740070    
0.357500E-01       486.868591          528.084710         0.921951689727    
0.358400E-01       481.019683          529.970307         0.907635157012    
0.359300E-01       477.120552          531.841132         0.897111042272    
0.360200E-01       475.557806          533.697073         0.891063171665    
0.361100E-01       476.485459          535.538021         0.889732269886    
0.362000E-01       479.837626          537.363868         0.892947319660    
0.362900E-01       485.364393          539.174508         0.900199072721    
0.363800E-01       492.676488          540.969838         0.910728203801    
0.364700E-01       501.286734          542.749753         0.923605643205    
0.365600E-01       510.642278          544.514153         0.937794317602    
0.366500E-01       520.148942          546.262939         0.952195188739    
0.367400E-01       529.194795          547.996014         0.965690956860    
0.368300E-01       537.182102          549.713281         0.977204154233    
0.369200E-01       543.574170          551.414647         0.985781159782    
0.370100E-01       547.957009          553.100019         0.990701483346    
0.371000E-01       550.107365          554.769307         0.991596612626    
0.371900E-01       550.051487          556.422422         0.988550182621    
0.372800E-01       548.095787          558.059276         0.982146180589    
0.373700E-01       544.813144          559.679785         0.973437237981    
0.374600E-01       540.976932          561.283865         0.963820564955    
0.375500E-01       537.447253          562.871435         0.954831281771    
0.376400E-01       535.027020          564.442412         0.947885928432    
0.377300E-01       534.315705          565.996721         0.944026149890    
0.378200E-01       535.592588          567.534284         0.943718473955    
0.379100E-01       538.757436          569.055025         0.946758067299    
0.380000E-01       543.345192          570.558873         0.952303465680    
0.380900E-01       548.614902          572.045755         0.959040245941    
0.381800E-01       553.695830          573.515603         0.965441614879    
0.382700E-01       557.759927          574.968347         0.970070664577    
0.383600E-01       560.183201          576.403923         0.971858759317    
0.384500E-01       560.660981          577.822265         0.970300064505    
0.385400E-01       559.253057          579.223312         0.965522357079    
0.386300E-01       556.351489          580.607002         0.958223870920    
0.387200E-01       552.582128          581.973276         0.949497427051    
0.388100E-01       548.665989          583.322077         0.940588417619    
0.389000E-01       545.274618          584.653349         0.932646017991    
0.389900E-01       542.912747          585.967038         0.926524380483    
0.390800E-01       541.852256          587.263092         0.922673778428    
0.391700E-01       542.126578          588.541461         0.921135746066    
0.392600E-01       543.578443          589.802096         0.921628537229    
0.393500E-01       545.940701          591.044950         0.923687278977    
0.394400E-01       548.923351          592.269977         0.926812723862    
0.395300E-01       552.281381          593.477135         0.930585777315    
0.396200E-01       555.846728          594.666381         0.934720283962    
0.397100E-01       559.520652          595.837675         0.939048796751    
0.398000E-01       563.236086          596.990979         0.943458287462    
0.398900E-01       566.909014          598.126256         0.947808273736    
0.399800E-01       570.400754          599.243470         0.951868116495    
0.400700E-01       573.508633          600.342590         0.955302259327    
0.401600E-01       575.992190          601.423583         0.957714672659    
0.402500E-01       577.629257          602.486418         0.958742371151    
0.403400E-01       578.285018          603.531069         0.958169426396    
0.404300E-01       577.971097          604.557508         0.956023355008    
0.405200E-01       576.873029          605.565709         0.952618386846    
0.406100E-01       575.332868          606.555651         0.948524453470    
0.407000E-01       573.786877          607.527311         0.944462686659    
0.407900E-01       572.672321          608.480670         0.941151214126    
0.408800E-01       572.327872          609.415708         0.939141976858    
0.409700E-01       572.915770          610.332409         0.938694654335    
0.410600E-01       574.389042          611.230758         0.939725356128    
0.411500E-01       576.514901          612.110742         0.941847384259    
0.412400E-01       578.949087          612.972348         0.944494623576    
0.413300E-01       581.340231          613.815567         0.947092681722    
0.414200E-01       583.432926          614.640389         0.949226468815    
0.415100E-01       585.136610          615.446808         0.950750906936    
0.416000E-01       586.535611          616.234817         0.951805375107    
0.416900E-01       587.831990          617.004414         0.952719261804    
0.417800E-01       589.232997          617.755595         0.953828669666    
0.418700E-01       590.813394          618.488360         0.955253862372    
0.419600E-01       592.394192          619.202709         0.956704782041    
0.420500E-01       593.479806          619.898644         0.957382004029    
0.421400E-01       593.284149          620.576170         0.956021480055    
0.422300E-01       590.855090          621.235292         0.951097107809    
0.423200E-01       585.280875          621.876016         0.941153637856    
0.424100E-01       575.938043          622.498351         0.925204126763    
0.425000E-01       562.724454          623.102306         0.903101222109    
0.425900E-01       546.217904          623.687892         0.875787249136    
0.426800E-01       527.712024          624.255123         0.845346725208    
0.427700E-01       509.104882          624.804013         0.814823323952    
0.428600E-01       492.646885          625.334576         0.787813282273    
0.429500E-01       480.586279          625.846831         0.767897598976    
0.430400E-01       474.775437          626.340795         0.758014551662    
0.431300E-01       476.313383          626.816489         0.759892873267    
0.432200E-01       485.296583          627.273934         0.773659730447    
0.433100E-01       500.731410          627.713152         0.797707373797    
0.434000E-01       520.631669          628.134168         0.828854241747    
0.434900E-01       542.289454          628.537007         0.862780469320    
0.435800E-01       562.674696          628.921696         0.894665742071    
0.436700E-01       578.894684          629.288263         0.919919722623    
0.437600E-01       588.634191          629.636738         0.934879043095    
0.438500E-01       590.501360          629.967151         0.937352619508    
0.439400E-01       584.222736          630.279536         0.926926391750    
0.440300E-01       570.658677          630.573924         0.904982992667    
0.441200E-01       551.642211          630.850352         0.874442265186    
0.442100E-01       529.674155          631.108854         0.839275429053    
0.443000E-01       507.529774          631.349470         0.803880891002    
0.443900E-01       487.843980          631.572236         0.772427843408    
0.444800E-01       472.741855          631.777194         0.748273061698    
0.445700E-01       463.570072          631.964384         0.733538287586    
0.446600E-01       460.765284          632.133848         0.728904622753    
0.447500E-01       463.871596          632.285630         0.733642476978    
0.448400E-01       471.694918          632.419776         0.745857319047    
0.449300E-01       482.561137          632.536330         0.762898689654    
0.450200E-01       494.630500          632.635340         0.781857206844    
0.451100E-01       506.214205          632.716855         0.800064358603    
0.452000E-01       516.041383          632.780924         0.815513495767    
0.452900E-01       523.434798          632.827597         0.827136491044    
0.453800E-01       528.369887          632.856926         0.834896269166    
0.454700E-01       531.411740          632.868965         0.839686837999    
0.455600E-01       533.545154          632.863767         0.843064782560    
0.456500E-01       535.930867          632.841387         0.846864441317    
0.457400E-01       539.633598          632.801881         0.852768638179    
0.458300E-01       545.372360          632.745307         0.861914508106    
0.459200E-01       553.339756          632.671723         0.874608009104    
0.460100E-01       563.124870          632.581188         0.890201733237    
0.461000E-01       573.755838          632.473763         0.907161484634    
0.461900E-01       583.856292          632.349509         0.923312634665    
0.462800E-01       591.888499          632.208489         0.936223585825    
0.463700E-01       596.439156          632.050766         0.943657041655    
0.464600E-01       596.494751          631.876403         0.944005422265    
0.465500E-01       591.654163          631.685468         0.936627789363    
0.466400E-01       582.236823          631.478025         0.922022301919    
0.467300E-01       569.263555          631.254143         0.901797732170    
0.468200E-01       554.310722          631.013889         0.878444565205    
0.469100E-01       539.262029          630.757333         0.854943733300    
0.470000E-01       526.001857          630.484544         0.834281920761    
0.470900E-01       516.105386          630.195594         0.818960638370    
0.471800E-01       510.581928          629.890554         0.810588323985    
0.472700E-01       509.718412          629.569497         0.809630095351    
0.473600E-01       513.051741          629.232496         0.815361164427    
0.474500E-01       519.475109          628.879626         0.826032657007    
0.475400E-01       527.458712          628.510962         0.839219590565    
0.476300E-01       535.344266          628.126580         0.852287233761    
0.477200E-01       541.659046          627.726557         0.862890122698    
0.478100E-01       545.391440          627.310970         0.869411609255    
0.479000E-01       546.176709          626.879898         0.871262119855    
0.479900E-01       544.357803          626.433420         0.868979504294    
0.480800E-01       540.908676          625.971615         0.864110549289    
0.481700E-01       537.232710          625.494565         0.858892690483    
0.482600E-01       534.872120          625.002351         0.855792172370    
0.483500E-01       535.181487          624.495054         0.856982747127    
0.484400E-01       539.026550          623.972758         0.863862312968    
0.485300E-01       546.566487          623.435546         0.876700871834    
0.486200E-01       557.164277          622.883502         0.894491947284    
0.487100E-01       569.447353          622.316711         0.915044288944    
0.488000E-01       581.513408          621.735259         0.935307109172    
0.488900E-01       591.248697          621.139231         0.951877884688    
0.489800E-01       596.703594          620.528714         0.961605129179    
0.490700E-01       596.457069          619.903795         0.962176830785    
0.491600E-01       589.901158          619.264563         0.952583423149    
0.492500E-01       577.389130          618.611106         0.933363665835    
0.493400E-01       560.215215          617.943513         0.906579975861    
0.494300E-01       540.425101          617.261873         0.875519976302    
0.495200E-01       520.489112          616.566278         0.844173822923    
0.496100E-01       502.897363          615.856816         0.816581629245    
0.497000E-01       489.752436          615.133581         0.796172491408    
0.497900E-01       482.436475          614.396663         0.785219882322    
0.498800E-01       481.415238          613.646155         0.784516018404    
0.499700E-01       486.214196          612.882149         0.793324126597    
0.500600E-01       495.566823          612.104740         0.809611151415    
0.501500E-01       507.700123          611.314019         0.830506264575    
0.502400E-01       520.694914          610.510083         0.852885037036    
0.503300E-01       532.844542          609.693028         0.873955444934    
0.504200E-01       542.938588          608.862833         0.891725621589    
0.505100E-01       550.417209          608.019814         0.905261959778    
0.506000E-01       555.372406          607.163961         0.914699227773    
0.506900E-01       558.407721          606.295368         0.921015977815    
0.507800E-01       560.399258          605.414132         0.925646145552    
0.508700E-01       562.221261          604.520351         0.930028675569    
0.509600E-01       564.504118          603.614121         0.935206944093    
0.510500E-01       567.480875          602.695541         0.941571384909    
0.511400E-01       570.953489          601.764708         0.948798560726    
0.512300E-01       574.378517          600.821720         0.955988269481    
0.513200E-01       577.041942          599.866677         0.961950319743    
0.514100E-01       578.271707          598.899677         0.965556887070    
0.515000E-01       577.629510          597.920819         0.966063551346    
0.515900E-01       575.031717          596.930203         0.963314830390    
0.516800E-01       570.770362          595.927928         0.957784212513    
0.517700E-01       565.432991          594.914096         0.950444770000    
0.518600E-01       559.747269          593.888805         0.942511905413    
0.519500E-01       554.395367          592.852156         0.935132580835    
0.520400E-01       549.849531          591.804251         0.929107098490    
0.521300E-01       546.272465          590.745190         0.924717584059    
0.522200E-01       543.506853          589.675073         0.921705659815    
0.523100E-01       541.153061          588.594004         0.919399547715    
0.524000E-01       538.709949          587.502082         0.916949855577    
0.524900E-01       535.737312          586.399410         0.913604794879    
0.525800E-01       531.994078          585.286089         0.908947073737    
0.526700E-01       527.514842          584.162221         0.903028000066    
0.527600E-01       522.605870          583.027909         0.896365101047    
0.528500E-01       517.764787          581.883254         0.889808708202    
0.529400E-01       513.549254          580.728360         0.884319226396    
0.530300E-01       510.433033          579.563327         0.880720033632    
0.531200E-01       508.689542          578.388260         0.879494930150    
0.532100E-01       508.333219          577.203260         0.880683208885    
0.533000E-01       509.130923          576.008430         0.883894915713    
0.533900E-01       510.674736          574.803874         0.888433009683    
0.534800E-01       512.490119          573.589693         0.893478605794    
0.535700E-01       514.144474          572.365990         0.898279217950    
0.536600E-01       515.323190          571.132870         0.902282494812    
0.537500E-01       515.852433          569.890433         0.905178263145    
0.538400E-01       515.666299          568.638784         0.906843348630    
0.539300E-01       514.734883          567.378025         0.907216811741    
0.540200E-01       512.983304          566.108260         0.906157603518    
0.541100E-01       510.235692          564.829590         0.903344479947    
0.542000E-01       506.211002          563.542119         0.898266489844    
0.542900E-01       500.581320          562.245951         0.890324456229    
0.543800E-01       493.082789          560.941187         0.879027607212    
0.544700E-01       483.650392          559.627930         0.864235621720    
0.545600E-01       472.536602          558.306284         0.846375215743    
0.546500E-01       460.373802          556.976351         0.826558976395    
0.547400E-01       448.152193          555.638233         0.806553916687    
0.548300E-01       437.105597          554.292033         0.788583582170    
0.549200E-01       428.521874          552.937853         0.774991026352    
0.550100E-01       423.515796          551.575797         0.767828825876    
0.551000E-01       422.814431          550.205965         0.768465735231    
0.551900E-01       426.604786          548.828460         0.777300773884    
0.552800E-01       434.480410          547.443384         0.793653596350    
0.553700E-01       445.501159          546.050838         0.815860223383    
0.554600E-01       458.354092          544.650926         0.841555702327    
0.555500E-01       471.580208          543.243748         0.868082163456    
0.556400E-01       483.817355          541.829323         0.892933133157    
0.557300E-01       494.007608          540.412163         0.914131179749    
0.558200E-01       501.527883          538.941499         0.930579450092    
0.559100E-01       506.222520          537.505023         0.941800538813    
0.560000E-01       508.340530          536.062910         0.948285211648    
0.560900E-01       508.402082          534.614118         0.950970175973    
0.561800E-01       507.033011          533.158769         0.950998166205    
0.562700E-01       504.809758          531.696963         0.949431336464    
0.563600E-01       502.149801          530.228800         0.947043618671    
0.564500E-01       499.267223          528.754379         0.944232790282    
0.565400E-01       496.193995          527.273801         0.941055661291    
0.566300E-01       492.850328          525.787163         0.937357094893    
0.567200E-01       489.136268          524.294566         0.932941709061    
0.568100E-01       485.014184          522.796107         0.927731055282    
0.569000E-01       480.557695          521.291886         0.921859149909    
0.569900E-01       475.954692          519.781999         0.915681367740    
0.570800E-01       471.466489          518.266546         0.909698866056    
0.571700E-01       467.357692          516.745623         0.904425060435    
0.572600E-01       463.818891          515.219329         0.900235812140    
0.573500E-01       460.905096          513.687759         0.897247575180    
0.574400E-01       458.507384          512.151012         0.895258182372    
0.575300E-01       456.365581          510.609182         0.893766891562    
0.576200E-01       454.118942          509.062367         0.892069365294    
0.577100E-01       451.382614          507.510662         0.889405185686    
0.578000E-01       447.832481          505.954162         0.885124609736    
0.578900E-01       443.280386          504.392964         0.878839352927    
0.579800E-01       437.725318          502.827161         0.870528387794    
0.580700E-01       431.372209          501.256848         0.860581177567    
0.581600E-01       424.616731          499.682120         0.849773713416    
0.582500E-01       418.000079          498.103070         0.839183904581    
0.583400E-01       412.141406          496.519791         0.830060379522    
0.584300E-01       407.657183          494.932377         0.823662387527    
0.585200E-01       405.076995          493.340921         0.821089387950    
0.586100E-01       404.764949          491.745514         0.823118742114    
0.587000E-01       406.855654          490.146250         0.830069910480    
0.587900E-01       411.213575          488.543219         0.841713813136    
0.588800E-01       417.424078          486.936512         0.857245385671    
0.589700E-01       424.822513          485.326222         0.875333939243    
0.590600E-01       432.563707          483.712437         0.894257980518    
0.591500E-01       439.727835          482.095249         0.912118167784    
0.592400E-01       445.450802          480.474746         0.927105545395    
0.593300E-01       449.059598          478.851019         0.937785616794    
0.594200E-01       450.187977          477.224156         0.943347002287    
0.595100E-01       448.847362          475.594246         0.943761127543    
0.596000E-01       445.433472          473.961376         0.939809643539    
0.596900E-01       440.660480          472.325634         0.932959060257    
0.597800E-01       435.429676          470.687108         0.925093694913    
0.598700E-01       430.655238          469.045884         0.918151619259    
0.599600E-01       427.081763          467.402048         0.913735325621    
0.600500E-01       425.133132          465.755687         0.912781407570    
0.601400E-01       424.827991          464.106886         0.915366705858    
0.602300E-01       425.783838          462.455730         0.920701832550    
0.603200E-01       427.311996          460.802303         0.927321744364    
0.604100E-01       428.584259          459.146690         0.933436454350    
0.605000E-01       428.833966          457.488975         0.937364592912    
0.605900E-01       427.544624          455.829240         0.937949097335    
0.606800E-01       424.580730          454.167568         0.934854796780    
0.607700E-01       420.228357          452.504042         0.928673156105    
0.608600E-01       415.134359          450.838744         0.920804533937    
0.609500E-01       410.157691          449.171754         0.913142216405    
0.610400E-01       406.168053          447.503155         0.907631709236    
0.611300E-01       403.840276          445.833025         0.905810591773    
0.612200E-01       403.494086          444.161446         0.908440138659    
0.613100E-01       405.017668          442.488496         0.915317960008    
0.614000E-01       407.892663          440.814255         0.925316406183    
0.614900E-01       411.313080          439.138802         0.936635701448    
0.615800E-01       414.367722          437.462213         0.947208031988    
0.616700E-01       416.240805          435.784567         0.955152699026    
0.617600E-01       416.382337          434.105941         0.959172167967    
0.618500E-01       414.609044          432.426411         0.958796763984    
0.619400E-01       411.115564          430.746054         0.954426769334    
0.620300E-01       406.398978          429.064944         0.947173577077    
0.621200E-01       401.121377          427.383157         0.938552140208    
0.622100E-01       395.949339          425.700768         0.930111873768    
0.623000E-01       391.412385          424.017851         0.923103554527    
0.623900E-01       387.814382          422.334478         0.918263609157    
0.624800E-01       385.215021          420.650724         0.915759794967    
0.625700E-01       383.477967          418.966661         0.915294708019    
0.626600E-01       382.363936          417.282360         0.916319434306    
0.627500E-01       381.635794          415.597893         0.918281348161    
0.628400E-01       381.141816          413.913332         0.920825172500    
0.629300E-01       380.852251          412.228747         0.923885717242    
0.630200E-01       380.840505          410.544207         0.927647981268    
0.631100E-01       381.218475          408.859782         0.932394165053    
0.632000E-01       382.050521          407.175541         0.938294378046    
0.632900E-01       383.277593          405.491553         0.945217206854    
0.633800E-01       384.680256          403.807885         0.952631857788    
0.634700E-01       385.897404          402.124605         0.959646336113    
0.635600E-01       386.499952          400.441780         0.965183882137    
0.636500E-01       386.100872          398.759475         0.968255039276    
0.637400E-01       384.470031          397.077758         0.968248720084    
0.638300E-01       381.618334          395.396692         0.965153078076    
0.639200E-01       377.822233          393.716343         0.959630554883    
0.640100E-01       373.575135          392.036775         0.952908398447    
0.641000E-01       369.472592          390.358051         0.946496660625    
0.641900E-01       366.057616          388.680236         0.941796321093    
0.642800E-01       363.665691          387.003391         0.939696395047    
0.643700E-01       362.311893          385.327579         0.940269819044    
0.644600E-01       361.653951          383.652860         0.942659337941    
0.645500E-01       361.046928          381.979297         0.945200250952    
0.646400E-01       359.681978          380.306950         0.945767563674    
0.647300E-01       356.779517          378.635879         0.942276042513    
0.648200E-01       351.791759          376.966143         0.933218449433    
0.649100E-01       344.565278          375.297801         0.918111635684    
0.650000E-01       335.422297          373.630911         0.897737010247    
