# ort(start) =    -8.1790
#   klo  khi step start
#%    4   76    1    4

# Energy[ev]             flux               DELTA(E)           Probability
0.680000           38.5829736          16.9615889          2.27472637641    
0.680480           38.9180293          17.3382029          2.24464031154    
0.680960           39.1549500          17.7211067          2.20950928943    
0.681440           39.2845337          18.1103526          2.16917552868    
0.681920           39.3112625          18.5059921          2.12424507034    
0.682400           39.2535307          18.9080759          2.07601930415    
0.682880           39.1415952          19.3166541          2.02631341220    
0.683360           39.0134536          19.7317755          1.97718921030    
0.683840           38.9092750          20.1534883          1.93064716312    
0.684320           38.8653292          20.5818397          1.88833115785    
0.684800           38.9084994          21.0168760          1.85129795035    
0.685280           39.0523956          21.4586422          1.81989126763    
0.685760           39.2958062          21.9071827          1.79374074291    
0.686240           39.6237877          22.3625406          1.77188220664    
0.686720           40.0111878          22.8247577          1.75297316441    
0.687200           40.4279207          23.2938752          1.73556011565    
0.687680           40.8449698          23.7699326          1.71834605137    
0.688160           41.2399531          24.2529685          1.70040846818    
0.688640           41.6011788          24.7430204          1.68132985568    
0.689120           41.9294294          25.2401241          1.66122120725    
0.689600           42.2371701          25.7443146          1.64064069144    
0.690080           42.5453964          26.2556252          1.62042975740    
0.690560           42.8788007          26.7740882          1.60150367531    
0.691040           43.2602551          27.2997342          1.58464015487    
0.691520           43.7057249          27.8325927          1.57030735102    
0.692000           44.2206056          28.3726914          1.55856224598    
0.692480           44.7981703          28.9200569          1.54903465437    
0.692960           45.4203706          29.4747140          1.54099444893    
0.693440           46.0607692          30.0366862          1.53348372011    
0.693920           46.6889719          30.6059953          1.52548451699    
0.694400           47.2756715          31.1826615          1.51608840346    
0.694880           47.7973455          31.7667036          1.50463662197    
0.695360           48.2397729          32.3581384          1.49080804070    
0.695840           48.5998156          32.9569814          1.47464402150    
0.696320           48.8852743          33.5632461          1.45651210897    
0.696800           49.1129987          34.1769444          1.43702134850    
0.697280           49.3057259          34.7980865          1.41690911497    
0.697760           49.4882969          35.4266807          1.39692164061    
0.698240           49.6839227          36.0627335          1.37770817490    
0.698720           49.9110681          36.7062496          1.35974305652    
0.699200           50.1813226          37.3572320          1.34328267611    
0.699680           50.4984046          38.0156815          1.32835720922    
0.700160           50.8582389          38.6815972          1.31479159680    
0.700640           51.2499142          39.3549762          1.30224736900    
0.701120           51.6572725          40.0358136          1.29027657464    
0.701600           52.0609041          40.7241027          1.27838063154    
0.702080           52.4403798          41.4198346          1.26606927167    
0.702560           52.7766120          42.1229984          1.25291679226    
0.703040           53.0542614          42.8335812          1.23861372044    
0.703520           53.2640683          43.5515683          1.22301148728    
0.704000           53.4049066          44.2769381          1.20615627255    
0.704480           53.4852539          45.0098264          1.18830171271    
0.704960           53.5236949          45.7499052          1.16991925285    
0.705440           53.5480800          46.4973195          1.15163799937    
0.705920           53.5930752          47.2520319          1.13419620405    
0.706400           53.6960842          48.0140141          1.11834190863    
0.706880           53.8918509          48.7832361          1.10472070482    
0.707360           54.2064209          49.5596657          1.09376082568    
0.707840           54.6514409          50.3432686          1.08557593619    
0.708320           55.2199428          51.1340081          1.07990640360    
0.708800           55.8846932          51.9318453          1.07611606876    
0.709280           56.5998896          52.7367392          1.07325349396    
0.709760           57.3064464          53.5486462          1.07017544717    
0.710240           57.9404461          54.3675208          1.06571801017    
0.710720           58.4436320          55.1933149          1.05888968825    
0.711200           58.7742625          56.0259783          1.04905374781    
0.711680           58.9163464          56.8654584          1.03606562061    
0.712160           58.8853502          57.7117002          1.02033643238    
0.712640           58.7289235          58.5646465          1.00280505449    
0.713120           58.5219839          59.4242378         0.984816734599    
0.713600           58.3565078          60.2904123         0.967923515573    
0.714080           58.3274005          61.1631056         0.953637000459    
0.714560           58.5166660          62.0422512         0.943174447446    
0.715040           58.9785843          62.9277803         0.937242408318    
0.715520           59.7286064          63.8196215         0.935897221246    
0.716000           60.7381634          64.7177014         0.938509280175    
0.716480           61.9366333          65.6219440         0.943840269262    
0.716960           63.2204750          66.5322710         0.950222712735    
0.717440           64.4682479          67.4486019         0.955812960864    
0.717920           65.5591407          68.3708537         0.958875561242    
0.718400           66.3919443          69.2989413         0.958051351070    
0.718880           66.9012572          70.2327770         0.952564601333    
0.719360           67.0681607          71.1722710         0.942335544061    
0.719840           66.9235483          72.1173311         0.927981489315    
0.720320           66.5435798          73.0678628         0.910709267336    
0.720800           66.0381035          74.0237695         0.892120247211    
0.721280           65.5340962          74.9849520         0.873963302327    
0.721760           65.1569849          75.9513090         0.857878366436    
0.722240           65.0129889          76.9227371         0.845172589735    
0.722720           65.1753236          77.8991304         0.836663044571    
0.723200           65.6763035          78.8803810         0.832606317267    
0.723680           66.5062501          79.8663786         0.832718990376    
0.724160           67.6188715          80.8570108         0.836277161448    
0.724640           68.9416760          81.8521631         0.842270666650    
0.725120           70.3892167          82.8517188         0.849580644545    
0.725600           71.8766544          83.8555590         0.857148355080    
0.726080           73.3313125          84.8635627         0.864108343001    
0.726560           74.7004919          85.8756069         0.869868575938    
0.727040           75.9546858          86.8915664         0.874131850879    
0.727520           77.0862752          87.9113142         0.876864098013    
0.728000           78.1046130          88.9347209         0.878224074997    
0.728480           79.0289673          89.9616555         0.878473910609    
0.728960           79.8810022          90.9919847         0.877890536001    
0.729440           80.6783316          92.0255735         0.876694689135    
0.729920           81.4302525          93.0622849         0.875008093935    
0.730400           82.1361800          94.1019800         0.872842208621    
0.730880           82.7866943          95.1445180         0.870115231845    
0.731360           83.3666170          96.1897564         0.866689137662    
0.731840           83.8592287          97.2375508         0.862416093103    
0.732320           84.2506668          98.2877552         0.857183752735    
0.732800           84.5336717          99.3402216         0.850951107732    
0.733280           84.7101120          100.394801         0.843769910610    
0.733760           84.7920388          101.451341         0.835790220671    
0.734240           84.8012947          102.509690         0.827251498261    
0.734720           84.7679039          103.569693         0.818462439042    
0.735200           84.7275494          104.631195         0.809773313309    
0.735680           84.7184478          105.694037         0.801544247817    
0.736160           84.7778747          106.758062         0.794112155181    
0.736640           84.9385582          107.823108         0.787758390150    
0.737120           85.2251493          108.889015         0.782679039118    
0.737600           85.6510387          109.955618         0.778960096126    
0.738080           86.2158761          111.022754         0.776560417312    
0.738560           86.9042305          112.090257         0.775305836955    
0.739040           87.6858411          113.157961         0.774897679891    
0.739520           88.5178048          114.225696         0.774937755548    
0.740000           89.3488096          115.293296         0.774969691028    
0.740480           90.1251660          116.360588         0.774533436560    
0.740960           90.7979870          117.427402         0.773226566855    
0.741440           91.3305054          118.493566         0.770763411333    
0.741920           91.7042964          119.558907         0.767021868135    
0.742400           91.9231856          120.623251         0.762068547560    
0.742880           92.0138927          121.686423         0.756155787236    
0.743360           92.0229753          122.748247         0.749688715005    
0.743840           92.0103111          123.808547         0.743166069876    
0.744320           92.0400459          124.867146         0.737103786300    
0.744800           92.1705043          125.923866         0.731954211974    
0.745280           92.4448532          126.978530         0.728035308261    
0.745760           92.8842578          128.030958         0.725482798961    
0.746240           93.4848454          129.080971         0.724234134058    
0.746720           94.2190818          130.128390         0.724047088802    
0.747200           95.0412992          131.173034         0.724549065333    
0.747680           95.8962835          132.214723         0.725307146123    
0.748160           96.7292175          133.253277         0.725904982029    
0.748640           97.4950141          134.288514         0.726011564105    
0.749120           98.1652446          135.320254         0.725429060068    
0.749600           98.7314119          136.348315         0.724111711530    
0.750080           99.2041390          137.372517         0.722154192740    
0.750560           99.6087345          138.392678         0.719754369155    
0.751040           99.9783651          139.408617         0.717160584439    
0.751520           100.346529          140.420153         0.714616292099    
0.752000           100.740574          141.427105         0.712314476336    
0.752480           101.177647          142.429294         0.710371049666    
0.752960           101.663761          143.426537         0.708821133898    
0.753440           102.195864          144.418656         0.707636164476    
0.753920           102.765985          145.405471         0.706754594287    
0.754400           103.366047          146.386803         0.706115884312    
0.754880           103.991811          147.362473         0.705687197298    
0.755360           104.644700          148.332304         0.705474784004    
0.755840           105.330914          149.296117         0.705516771840    
0.756320           106.058054          150.253735         0.705859682621    
0.756800           106.830257          151.204984         0.706526027632    
0.757280           107.643378          152.149687         0.707483397785    
0.757760           108.481860          153.087671         0.708625710582    
0.758240           109.318595          154.018761         0.709774536279    
0.758720           110.118351          154.942785         0.710703317660    
0.759200           110.844377          155.859572         0.711181072123    
0.759680           111.466863          156.768950         0.711026408138    
0.760160           111.971292          157.670751         0.710158931291    
0.760640           112.364483          158.564806         0.708634443886    
0.761120           112.676508          159.450948         0.706653108010    
0.761600           112.957472          160.329011         0.704535448152    
0.762080           113.269335          161.198831         0.702668462319    
0.762560           113.674154          162.060244         0.701431461821    
0.763040           114.221100          162.913090         0.701116774561    
0.763520           114.935075          163.757207         0.701862698259    
0.764000           115.809605          164.592437         0.703614381231    
0.764480           116.805871          165.418622         0.706122863099    
0.764960           117.858461          166.235608         0.708984448063    
0.765440           118.886961          167.043241         0.711713688163    
0.765920           119.811136          167.841367         0.713835555346    
0.766400           120.566572          168.629838         0.714977690299    
0.766880           121.117439          169.408504         0.714943090826    
0.767360           121.463557          170.177218         0.713747461728    
0.767840           121.640146          170.935836         0.711612901756    
0.768320           121.710206          171.684215         0.708919019832    
0.768800           121.751093          172.422214         0.706121847018    
0.769280           121.838159          173.149695         0.703657946646    
0.769760           122.028968          173.866520         0.701854322198    
0.770240           122.351506          174.572555         0.700863350412    
0.770720           122.798896          175.267667         0.700636337954    
0.771200           123.331726          175.951727         0.700940699226    
0.771680           123.887349          176.624606         0.701416141074    
0.772160           124.394052          177.286178         0.701656797532    
0.772640           124.786898          177.936321         0.701300875943    
0.773120           125.021770          178.574938         0.700108148602    
0.773600           125.084605          179.201860         0.698009524515    
0.774080           124.993990          179.816992         0.695117791697    
0.774560           124.796792          180.420224         0.691700680041    
0.775040           124.558101          181.011446         0.688122791412    
0.775520           124.347974          181.590548         0.684771177156    
0.776000           124.228048          182.157425         0.681981798406    
0.776480           124.241013          182.711973         0.679982877229    
0.776960           124.405018          183.254091         0.678866250062    
0.777440           124.713867          183.783682         0.678590538405    
0.777920           125.142374          184.300648         0.679012120474    
0.778400           125.655032          184.804898         0.679933449372    
0.778880           126.215484          185.296342         0.681154754122    
0.779360           126.794216          185.774891         0.682515353943    
0.779840           127.372562          186.240463         0.683914547189    
0.780320           127.942236          186.692974         0.685308252390    
0.780800           128.500903          187.132346         0.686684616184    
0.781280           129.045467          187.558504         0.688027809412    
0.781760           129.565404          187.971373         0.689282636222    
0.782240           130.038541          188.370884         0.690332485588    
0.782720           130.430984          188.756970         0.690999567499    
0.783200           130.701808          189.129565         0.691070207339    
0.783680           130.811720          189.488609         0.690340809072    
0.784160           130.733733          189.834043         0.688673807757    
0.784640           130.463101          190.165811         0.686049191540    
0.785120           130.023721          190.483862         0.682597043022    
0.785600           129.468873          190.788145         0.678600197467    
0.786080           128.875409          191.078614         0.674462758497    
0.786560           128.332056          191.355225         0.670648297635    
0.787040           127.923971          191.617939         0.667599139519    
0.787520           127.716718          191.866718         0.665653322893    
0.788000           127.743152          192.101526         0.664977289358    
0.788480           127.996210          192.322334         0.665529622636    
0.788960           128.429389          192.529112         0.667064776778    
0.789440           128.965042          192.721837         0.669177113820    
0.789920           129.508890          192.900484         0.671376695791    
0.790400           129.967753          193.065036         0.673181204925    
0.790880           130.266793          193.215476         0.674204756336    
0.791360           130.362626          193.351791         0.674225073548    
0.791840           130.249650          193.473972         0.673215365028    
0.792320           129.958407          193.582011         0.671335141819    
0.792800           129.546582          193.675905         0.668883319454    
0.793280           129.084889          193.755653         0.666225149095    
0.793760           128.641096          193.821257         0.663709949808    
0.794240           128.265817          193.872722         0.661598063447    
0.794720           127.983095          193.910057         0.660012671496    
0.795200           127.787645          193.933273         0.658925842795    
0.795680           127.648993          193.942385         0.658179972284    
0.796160           127.521138          193.937409         0.657537598908    
0.796640           127.355184          193.918366         0.656746376077    
0.797120           127.111793          193.885279         0.655603117662    
0.797600           126.770538          193.838174         0.654001920965    
0.798080           126.334127          193.777081         0.651955979072    
0.798560           125.826824          193.702031         0.649589597262    
0.799040           125.287855          193.613060         0.647104357142    
0.799520           124.761734          193.510204         0.644729483951    
0.800000           124.288165          193.393505         0.642669799883    
0.800480           123.894044          193.263007         0.641064454948    
0.800960           123.589453          193.118754         0.639966083660    
0.801440           123.368357          192.960797         0.639344150201    
0.801920           123.213421          192.789188         0.639109600097    
0.802400           123.103273          192.603980         0.639152280666    
0.802880           123.019940          192.405232         0.639379390778    
0.803360           122.954183          192.193003         0.639743284125    
0.803840           122.907144          191.967355         0.640250232972    
0.804320           122.887786          191.728355         0.640947373117    
0.804800           122.906861          191.476070         0.641891495238    
0.805280           122.969219          191.210571         0.643108896369    
0.805760           123.066827          190.931930         0.644558649004    
0.806240           123.174838          190.640224         0.646111484119    
0.806720           123.252337          190.335530         0.647552964667    
0.807200           123.248206          190.017928         0.648613565757    
0.807680           123.111205          189.687503         0.649021170500    
0.808160           122.802137          189.344339         0.648565136469    
0.808640           122.305273          188.988523         0.647157143830    
0.809120           121.636152          188.620147         0.644873595428    
0.809600           120.843542          188.239302         0.641967647452    
0.810080           120.004592          187.846082         0.638845328598    
0.810560           119.213751          187.440586         0.636008206225    
0.811040           118.567439          187.022911         0.633972802377    
0.811520           118.147541          186.593158         0.633182598935    
0.812000           118.007093          186.151432         0.633930623579    
0.812480           118.161152          185.697837         0.636308714804    
0.812960           118.584726          185.232481         0.640194017851    
0.813440           119.218147          184.755473         0.645275322386    
0.813920           119.978652          184.266924         0.651113340849    
0.814400           120.775662          183.766948         0.657221896866    
0.814880           121.526515          183.255659         0.663152862738    
0.815360           122.169453          182.733174         0.668567451464    
0.815840           122.671374          182.199613         0.673280104602    
0.816320           123.029145          181.655095         0.677267789211    
0.816800           123.264711          181.099743         0.680645423387    
0.817280           123.415625          180.533680         0.683615516958    
0.817760           123.523452          179.957032         0.686405251873    
0.818240           123.622835          179.369925         0.689206032776    
0.818720           123.733579          178.772489         0.692128747746    
0.819200           123.857214          178.164854         0.695183206910    
0.819680           123.978296          177.547149         0.698283789036    
0.820160           124.069564          176.919510         0.701276893709    
0.820640           124.099221          176.282068         0.703980965483    
0.821120           124.038283          175.634961         0.706227747980    
0.821600           123.866179          174.978325         0.707894416491    
0.822080           123.573454          174.312298         0.708919882653    
0.822560           123.161386          173.637018         0.709303736815    
0.823040           122.639237          172.952627         0.709091495476    
0.823520           122.020469          172.259265         0.708353590611    
0.824000           121.319475          171.557075         0.707166840866    
0.824480           120.550045          170.846201         0.705605651859    
0.824960           119.726108          170.126786         0.703746368060    
0.825440           118.864411          169.398976         0.701683175461    
0.825920           117.988014          168.662917         0.699549231139    
0.826400           117.128996          167.918755         0.697533729033    
0.826880           116.328826          167.166639         0.695885410259    
0.827360           115.635339          166.406718         0.694895859490    
0.827840           115.096214          165.639139         0.694861219607    
0.828320           114.749898          164.864052         0.696027401060    
0.828800           114.615884          164.081609         0.698529745233    
0.829280           114.686758          163.291959         0.702341733560    
0.829760           114.924363          162.495254         0.707247502892    
0.830240           115.261767          161.691646         0.712849240688    
0.830720           115.611477          160.881288         0.718613570553    
0.831200           115.878934          160.064330         0.723952259379    
0.831680           115.978990          159.240928         0.728324003721    
0.832160           115.852121          158.411232         0.731337795393    
0.832640           115.476941          157.575398         0.732836106431    
0.833120           114.876104          156.733578         0.732938692053    
0.833600           114.113940          155.885927         0.732034905470    
0.834080           113.285836          155.032598         0.730722684313    
0.834560           112.501141          154.173744         0.729703633328    
0.835040           111.862812          153.309521         0.729653394692    
0.835520           111.447803          152.440081         0.731092515938    
0.836000           111.292153          151.565579         0.734283822879    
0.836480           111.383833          150.686169         0.739177545588    
0.836960           111.664816          149.802004         0.745416034888    
0.837440           112.041993          148.913237         0.752397808650    
0.837920           112.404698          148.020021         0.759388473461    
0.838400           112.645295          147.122511         0.765656419247    
0.838880           112.678696          146.220857         0.770606177200    
0.839360           112.456979          145.315213         0.773883040993    
0.839840           111.976362          144.405731         0.775428793400    
0.840320           111.275433          143.492562         0.775478757131    
0.840800           110.425373          142.575856         0.774502610527    
0.841280           109.514472          141.655766         0.773102816896    
0.841760           108.630341          140.732440         0.771892682651    
0.842240           107.843480          139.806028         0.771379324289    
0.842720           107.195389          138.876680         0.771874650559    
0.843200           106.693280          137.944543         0.773450529318    
0.843680           106.311948          137.009765         0.775944308865    
0.844160           106.001848          136.072494         0.779010108703    
0.844640           105.701226          135.132874         0.782202157367    
0.845120           105.349481          134.191052         0.785070832565    
0.845600           104.898966          133.247173         0.787250963817    
0.846080           104.322989          132.301380         0.788525328178    
0.846560           103.618857          131.353816         0.788853038625    
0.847040           102.805909          130.404627         0.788360900873    
0.847520           101.919604          129.453835         0.787304629421    
0.848000           101.003384          128.501821         0.786007414835    
0.848480           100.100295          127.548589         0.784801274378    
0.848960           99.2460796          126.594287         0.783969654165    
0.849440           98.4648695          125.639053         0.783712285949    
0.849920           97.7678218          124.683023         0.784130987805    
0.850400           97.1542988          123.726332         0.785235426999    
0.850880           96.6146871          122.769114         0.786962488062    
0.851360           96.1337580          121.811502         0.789200993728    
0.851840           95.6936207          120.853627         0.791814220277    
0.852320           95.2757119          119.895621         0.794655473998    
0.852800           94.8617729          118.937613         0.797575890391    
0.853280           94.4341942          117.979731         0.800427269615    
0.853760           93.9763532          117.022102         0.803064989290    
0.854240           93.4735391          116.064852         0.805356124903    
0.854720           92.9147797          115.108104         0.807195813306    
0.855200           92.2954455          114.151983         0.808531253133    
0.855680           91.6200550          113.196609         0.809388689389    
0.856160           90.9043864          112.242104         0.809895604192    
0.856640           90.1759462          111.288586         0.810289263008    
0.857120           89.4720824          110.336173         0.810904347525    
0.857600           88.8355379          109.384982         0.812136515748    
0.858080           88.3078868          108.435127         0.814384504236    
0.858560           87.9219261          107.486721         0.817979421000    
0.859040           87.6945257          106.539878         0.823114569081    
0.859520           87.6215490          105.594707         0.829791108172    
0.860000           87.6761749          104.651318         0.837793319113    
0.860480           87.8113344          103.709818         0.846702233568    
0.860960           87.9661316          102.770313         0.855948850238    
0.861440           88.0752513          101.832909         0.864899688261    
0.861920           88.0796591          100.897708         0.872959959669    
0.862400           87.9365430          99.9648119         0.879674971232    
0.862880           87.6265287          99.0343209         0.884809708903    
0.863360           87.1567092          98.1063336         0.888390239812    
0.863840           86.5588666          97.1809470         0.890697912108    
0.864320           85.8832336          96.2582565         0.892216799824    
0.864800           85.1890507          95.3383561         0.893544363293    
0.865280           84.5337965          94.4213381         0.895282763754    
0.865760           83.9631927          93.5072933         0.897932019624    
0.866240           83.5038531          92.5963108         0.901805399242    
0.866720           83.1598294          91.6884783         0.906982326945    
0.867200           82.9134495          90.7838818         0.913305840808    
0.867680           82.7299447          89.8826056         0.920422189706    
0.868160           82.5646312          88.9847326         0.927851652227    
0.868640           82.3709900          88.0903440         0.935073995881    
0.869120           82.1079706          87.1995194         0.941610357326    
0.869600           81.7451985          86.3123368         0.947085914874    
0.870080           81.2653879          85.4288726         0.951263728959    
0.870560           80.6639906          84.5492016         0.954047928102    
0.871040           79.9467519          83.6733969         0.955462008658    
0.871520           79.1262600          82.8015302         0.955613499232    
0.872000           78.2186596          81.9336714         0.954658301829    
0.872480           77.2414654          81.0698889         0.952776257254    
0.872960           76.2129309          80.2102495         0.950164491092    
0.873440           75.1528477          79.3548183         0.947048323880    
0.873920           74.0841299          78.5036589         0.943702891299    
0.874400           73.0342334          77.6568333         0.940474009643    
0.874880           72.0354407          76.8144018         0.937785610395    
0.875360           71.1233335          75.9764234         0.936123739308    
0.875840           70.3332888          75.1429551         0.935993117405    
0.876320           69.6954433          74.3140527         0.937850121082    
0.876800           69.2291064          73.4897702         0.942023716021    
0.877280           68.9379135          72.6701601         0.948641277182    
0.877760           68.8070095          71.8552735         0.957577727431    
0.878240           68.8032109          71.0451597         0.968443328647    
0.878720           68.8784911          70.2398666         0.980618193908    
0.879200           68.9763952          69.4394405         0.993331667121    
0.879680           69.0403034          68.6439263          1.00577439516    
0.880160           69.0219838          67.8533671          1.01722267800    
0.880640           68.8887380          67.0678049          1.02715062791    
0.881120           68.6276846          66.2872799          1.03530699552    
0.881600           68.2463072          65.5118309          1.04174019097    
0.882080           67.7691783          64.7414952          1.04676572740    
0.882560           67.2315973          63.9763085          1.05088272222    
0.883040           66.6715439          63.2163054          1.05465739363    
0.883520           66.1217035          62.4615187          1.05859903489    
0.884000           65.6032829          61.7119800          1.06305587598    
0.884480           65.1229102          60.9677192          1.06815395079    
0.884960           64.6731908          60.2287651          1.07379241027    
0.885440           64.2366563          59.4951448          1.07969577173    
0.885920           63.7920584          58.7668843          1.08551030277    
0.886400           63.3214381          58.0440080          1.09092118673    
0.886880           62.8162328          57.3265391          1.09576182102    
0.887360           62.2809258          56.6144992          1.10008790515    
0.887840           61.7333295          55.9079088          1.10419671921    
0.888320           61.2013888          55.2067870          1.10858450631    
0.888800           60.7172103          54.5111516          1.11384933999    
0.889280           60.3096786          53.8210191          1.12055995238    
0.889760           59.9973585          53.1364047          1.12911964825    
0.890240           59.7833303          52.4573222          1.13965653839    
0.890720           59.6531735          51.7837845          1.15196627939    
0.891200           59.5766105          51.1158028          1.16552234824    
0.891680           59.5124993          50.4533875          1.17955408550    
0.892160           59.4161287          49.7965475          1.19317767308    
0.892640           59.2472694          49.1452907          1.20555334239    
0.893120           58.9772984          48.4996236          1.21603620707    
0.893600           58.5939511          47.8595518          1.22428959036    
0.894080           58.1028226          47.2250795          1.23033826804    
0.894560           57.5254771          46.5962100          1.23455270568    
0.895040           56.8947811          45.9729453          1.23757093953    
0.895520           56.2486537          45.3552864          1.24017855882    
0.896000           55.6237134          44.7432331          1.24317599805    
0.896480           55.0502190          44.1367843          1.24726392889    
0.896960           54.5492912          43.5359377          1.25297154552    
0.897440           54.1327688          42.9406901          1.26064040173    
0.897920           53.8053476          42.3510372          1.27046115421    
0.898400           53.5680615          41.7669736          1.28254591769    
0.898880           53.4218344          41.1884932          1.29700870919    
0.899360           53.3698353          40.6155886          1.31402343507    
0.899840           53.4177253          40.0482517          1.33383413903    
0.900320           53.5714891          39.4864732          1.35670483385    
0.900800           53.8332599          38.9302433          1.38281334372    
0.901280           54.1961885          38.3795508          1.41211106941    
0.901760           54.6398116          37.8343839          1.44418399094    
0.902240           55.1274218          37.2947300          1.47815580846    
0.902720           55.6066132          36.7605754          1.51266982416    
0.903200           56.0135186          36.2319058          1.54597218352    
0.903680           56.2804188          35.7087060          1.57609796626    
0.904160           56.3455749          35.1909598          1.60113777029    
0.904640           56.1635048          34.6786505          1.61954124337    
0.905120           55.7136594          34.1717606          1.63040061372    
0.905600           55.0056185          33.6702716          1.63365532708    
0.906080           54.0795181          33.1741645          1.63016970809    
0.906560           53.0013163          32.6834196          1.62165761720    
0.907040           51.8535287          32.1980163          1.61045724869    
0.907520           50.7229887          31.7179335          1.59918958072    
0.908000           49.6878250          31.2431492          1.59035904612    
0.908480           48.8060442          30.7736412          1.58596910619    
0.908960           48.1078180          30.3093861          1.58722508887    
0.909440           47.5928594          29.8503602          1.59438140995    
0.909920           47.2332675          29.3965392          1.60676286438    
0.910400           46.9811506          28.9478981          1.62295550424    
0.910880           46.7794097          28.5044114          1.64112876955    
0.911360           46.5734866          28.0660531          1.65942415981    
0.911840           46.3217551          27.6327964          1.67633251454    
0.912320           46.0025907          27.2046143          1.69098485055    
0.912800           45.6168984          26.7814791          1.70330018422    
0.913280           45.1858538          26.3633627          1.71396397055    
0.913760           44.7445984          25.9502364          1.72424627370    
0.914240           44.3334221          25.5420711          1.73570192828    
0.914720           43.9884063          25.1388373          1.74981864882    
0.915200           43.7335005          24.7405050          1.76768826769    
0.915680           43.5755895          24.3470439          1.78976921190    
0.916160           43.5033874          23.9584230          1.81578676426    
0.916640           43.4901271          23.5746113          1.84478659773    
0.917120           43.4992132          23.1955772          1.87532359422    
0.917600           43.4914333          22.8212888          1.90573958238    
0.918080           43.4320903          22.4517137          1.93446660537    
0.918560           43.2965758          22.0868193          1.96029021169    
0.919040           43.0733675          21.7265729          1.98252010350    
0.919520           42.7641045          21.3709410          2.00103984655    
0.920000           42.3810832          21.0198900          2.01623715405    
