# ort(start) =    -8.1790
#   klo    khi   kmax   step  start
#     4   1003   1000      1      4

#  Time[fs]            IW_tt                Theta          IW_tt + Theta
     30.000    0.156332028119E-04    0.999986075452E+00    0.100000170865E+01
     40.000    0.454773547096E-04    0.999977458510E+00    0.100002293586E+01
     50.000    0.740137704452E-04    0.999964142840E+00    0.100003815661E+01
     60.000    0.104460395614E-03    0.999944754137E+00    0.100004921453E+01
     70.000    0.131997354100E-03    0.999898677366E+00    0.100003067472E+01
     80.000    0.153496695006E-03    0.999828422750E+00    0.999981919445E+00
     90.000    0.174581147904E-03    0.999744617052E+00    0.999919198200E+00
    100.000    0.200589134574E-03    0.999635431780E+00    0.999836020915E+00
    110.000    0.242221662720E-03    0.999519529460E+00    0.999761751123E+00
    120.000    0.332331169993E-03    0.999361965737E+00    0.999694296907E+00
    130.000    0.547630740773E-03    0.999084794093E+00    0.999632424834E+00
    140.000    0.102158592710E-02    0.998558736470E+00    0.999580322397E+00
    150.000    0.195321292444E-02    0.997554941337E+00    0.999508154262E+00
    160.000    0.357585674249E-02    0.995829583097E+00    0.999405439840E+00
    170.000    0.607215797441E-02    0.993172896292E+00    0.999245054266E+00
    180.000    0.945458863514E-02    0.989543249495E+00    0.998997838130E+00
    190.000    0.135252092862E-01    0.985161232611E+00    0.998686441897E+00
    200.000    0.179849103616E-01    0.980340985165E+00    0.998325895527E+00
    210.000    0.225953752077E-01    0.975369870423E+00    0.997965245630E+00
    220.000    0.272618951712E-01    0.970403693708E+00    0.997665588879E+00
    230.000    0.320752305308E-01    0.965325132220E+00    0.997400362750E+00
    240.000    0.373096192278E-01    0.959843393812E+00    0.997153013039E+00
    250.000    0.432524653380E-01    0.953647573176E+00    0.996900038514E+00
    260.000    0.499478933868E-01    0.946670029366E+00    0.996617922753E+00
    270.000    0.570877837087E-01    0.939194081144E+00    0.996281864853E+00
    280.000    0.641724618707E-01    0.931720475522E+00    0.995892937392E+00
    290.000    0.708010750533E-01    0.924640568194E+00    0.995441643248E+00
    300.000    0.768379308278E-01    0.918072699069E+00    0.994910629897E+00
    310.000    0.823494626163E-01    0.911913495680E+00    0.994262958297E+00
    320.000    0.874870488445E-01    0.905970258505E+00    0.993457307349E+00
    330.000    0.924289552694E-01    0.900051714415E+00    0.992480669684E+00
    340.000    0.973040188472E-01    0.894149988291E+00    0.991454007139E+00
    350.000    0.102166132680E+00    0.888361533692E+00    0.990527666372E+00
    360.000    0.107140930721E+00    0.882614072781E+00    0.989755003502E+00
    370.000    0.112599137019E+00    0.876414610614E+00    0.989013747633E+00
    380.000    0.119094636434E+00    0.869164984563E+00    0.988259620996E+00
    390.000    0.127035046682E+00    0.860469224872E+00    0.987504271555E+00
    400.000    0.136321851381E+00    0.850419177240E+00    0.986741028621E+00
    410.000    0.146291342983E+00    0.839659544723E+00    0.985950887706E+00
    420.000    0.156036965275E+00    0.829107713269E+00    0.985144678544E+00
    430.000    0.164821329522E+00    0.819559065329E+00    0.984380394850E+00
    440.000    0.172332268762E+00    0.811390326472E+00    0.983722595234E+00
    450.000    0.178712330380E+00    0.804451859369E+00    0.983164189749E+00
    460.000    0.184416898364E+00    0.798163667264E+00    0.982580565629E+00
    470.000    0.189987371067E+00    0.791909459967E+00    0.981896831035E+00
    480.000    0.195806187971E+00    0.785283006064E+00    0.981089194035E+00
    490.000    0.201928751749E+00    0.778324907530E+00    0.980253659279E+00
    500.000    0.208101743969E+00    0.771414098529E+00    0.979515842498E+00
    510.000    0.213967440816E+00    0.764957440388E+00    0.978924881204E+00
    520.000    0.219264677508E+00    0.759192168733E+00    0.978456846241E+00
    530.000    0.223913253190E+00    0.754162903262E+00    0.978076156452E+00
    540.000    0.228007919766E+00    0.749706215186E+00    0.977714134952E+00
    550.000    0.231745172861E+00    0.745569333439E+00    0.977314506300E+00
    560.000    0.235333564350E+00    0.741517462267E+00    0.976851026617E+00
    570.000    0.238940737359E+00    0.737408779177E+00    0.976349516536E+00
    580.000    0.242661261241E+00    0.733163955484E+00    0.975825216725E+00
    590.000    0.246495477644E+00    0.728806806105E+00    0.975302283749E+00
    600.000    0.250394182512E+00    0.724422432060E+00    0.974816614572E+00
    610.000    0.254396852707E+00    0.719995378448E+00    0.974392231155E+00
    620.000    0.258721580007E+00    0.715301212282E+00    0.974022792289E+00
    630.000    0.263663319002E+00    0.710002468508E+00    0.973665787510E+00
    640.000    0.269368974211E+00    0.703917493589E+00    0.973286467801E+00
    650.000    0.275677147986E+00    0.697218006389E+00    0.972895154376E+00
    660.000    0.282170131393E+00    0.690353501593E+00    0.972523632985E+00
    670.000    0.288403203791E+00    0.683789510483E+00    0.972192714275E+00
    680.000    0.294113456887E+00    0.677791488911E+00    0.971904945799E+00
    690.000    0.299258736769E+00    0.672390500223E+00    0.971649236992E+00
    700.000    0.303932569199E+00    0.667481219074E+00    0.971413788273E+00
    710.000    0.308317256186E+00    0.662879125814E+00    0.971196382000E+00
    720.000    0.312730042346E+00    0.658258412023E+00    0.970988454369E+00
    730.000    0.317636958109E+00    0.653127355571E+00    0.970764313681E+00
    740.000    0.323565253602E+00    0.646932220487E+00    0.970497474089E+00
    750.000    0.330921394594E+00    0.639248735796E+00    0.970170130390E+00
    760.000    0.339737321191E+00    0.630040448144E+00    0.969777769336E+00
    770.000    0.349518825174E+00    0.619830717045E+00    0.969349542220E+00
    780.000    0.359413840191E+00    0.609527512924E+00    0.968941353115E+00
    790.000    0.368647678284E+00    0.599950572583E+00    0.968598250867E+00
    800.000    0.376890459239E+00    0.591421511937E+00    0.968311971176E+00
    810.000    0.384251074601E+00    0.583790575744E+00    0.968041650346E+00
    820.000    0.390958318735E+00    0.576800579539E+00    0.967758898274E+00
    830.000    0.397079920140E+00    0.570392193076E+00    0.967472113216E+00
    840.000    0.402516258694E+00    0.564684466301E+00    0.967200724995E+00
    850.000    0.407200239288E+00    0.559754295049E+00    0.966954534337E+00
    860.000    0.411242709438E+00    0.555461044180E+00    0.966703753617E+00
    870.000    0.414872756464E+00    0.551528467072E+00    0.966401223536E+00
    880.000    0.418276613977E+00    0.547737852708E+00    0.966014466685E+00
    890.000    0.421527714155E+00    0.544009503655E+00    0.965537217810E+00
    900.000    0.424644153004E+00    0.540330317075E+00    0.964974470079E+00
    910.000    0.427673858880E+00    0.536688267349E+00    0.964362126229E+00
    920.000    0.430728363659E+00    0.533014814676E+00    0.963743178335E+00
    930.000    0.433962933517E+00    0.529176866383E+00    0.963139799900E+00
    940.000    0.437523927587E+00    0.525053231862E+00    0.962577159450E+00
    950.000    0.441479303423E+00    0.520580463101E+00    0.962059766524E+00
    960.000    0.445744614504E+00    0.515863673306E+00    0.961608287810E+00
    970.000    0.450062360447E+00    0.511146667693E+00    0.961209028139E+00
    980.000    0.454087845208E+00    0.506750646248E+00    0.960838491457E+00
    990.000    0.457542483652E+00    0.502920312391E+00    0.960462796044E+00
   1000.000    0.460343655423E+00    0.499728802774E+00    0.960072458197E+00
   1010.000    0.462636902659E+00    0.497042413009E+00    0.959679315667E+00
   1020.000    0.464707951298E+00    0.494603112838E+00    0.959311064136E+00
   1030.000    0.466839580573E+00    0.492142225495E+00    0.958981806069E+00
   1040.000    0.469266765387E+00    0.489422268669E+00    0.958689034056E+00
   1050.000    0.472214071415E+00    0.486192029975E+00    0.958406101390E+00
   1060.000    0.475818296857E+00    0.482288873433E+00    0.958107170290E+00
   1070.000    0.479946761694E+00    0.477853253988E+00    0.957800015683E+00
   1080.000    0.484168109999E+00    0.473344967397E+00    0.957513077396E+00
   1090.000    0.487987714101E+00    0.469271585649E+00    0.957259299750E+00
   1100.000    0.491179085597E+00    0.465847292727E+00    0.957026378324E+00
   1110.000    0.493925981109E+00    0.462873413274E+00    0.956799394382E+00
   1120.000    0.496630067572E+00    0.459952554320E+00    0.956582621892E+00
   1130.000    0.499583271135E+00    0.456796184390E+00    0.956379455524E+00
   1140.000    0.502816804109E+00    0.453352036982E+00    0.956168841091E+00
   1150.000    0.506194898358E+00    0.449736827556E+00    0.955931725914E+00
   1160.000    0.509592583373E+00    0.446091967530E+00    0.955684550902E+00
   1170.000    0.513005502514E+00    0.442437532032E+00    0.955443034546E+00
   1180.000    0.516551049854E+00    0.438633894495E+00    0.955184944349E+00
   1190.000    0.520413409788E+00    0.434462484346E+00    0.954875894133E+00
   1200.000    0.524790218679E+00    0.429722379236E+00    0.954512597916E+00
   1210.000    0.529826981647E+00    0.424297085897E+00    0.954124067544E+00
   1220.000    0.535531510155E+00    0.418202188218E+00    0.953733698373E+00
   1230.000    0.541715359631E+00    0.411637892388E+00    0.953353252018E+00
   1240.000    0.548005161870E+00    0.404986442252E+00    0.952991604122E+00
   1250.000    0.553945098019E+00    0.398714940780E+00    0.952660038799E+00
   1260.000    0.559171644422E+00    0.393190682636E+00    0.952362327058E+00
   1270.000    0.563560493356E+00    0.388542966988E+00    0.952103460343E+00
   1280.000    0.567250306276E+00    0.384629299264E+00    0.951879605540E+00
   1290.000    0.570539532886E+00    0.381116709247E+00    0.951656242134E+00
   1300.000    0.573716674292E+00    0.377684485716E+00    0.951401160008E+00
   1310.000    0.576932218089E+00    0.374183713797E+00    0.951115931886E+00
   1320.000    0.580203580248E+00    0.370619684291E+00    0.950823264539E+00
   1330.000    0.583513362806E+00    0.367030264576E+00    0.950543627382E+00
   1340.000    0.586883540288E+00    0.363388733149E+00    0.950272273437E+00
   1350.000    0.590366984246E+00    0.359623567200E+00    0.949990551446E+00
   1360.000    0.593999579290E+00    0.355696037922E+00    0.949695617212E+00
   1370.000    0.597769183542E+00    0.351650084724E+00    0.949419268266E+00
   1380.000    0.601601726239E+00    0.347581965877E+00    0.949183692117E+00
   1390.000    0.605354341049E+00    0.343636794385E+00    0.948991135434E+00
   1400.000    0.608837405326E+00    0.339994890002E+00    0.948832295329E+00
   1410.000    0.611886374722E+00    0.336815447214E+00    0.948701821936E+00
   1420.000    0.614435011259E+00    0.334162364914E+00    0.948597376173E+00
   1430.000    0.616524347519E+00    0.331979952510E+00    0.948504300029E+00
   1440.000    0.618253608963E+00    0.330162701324E+00    0.948416310287E+00
   1450.000    0.619727010290E+00    0.328603948260E+00    0.948330958550E+00
   1460.000    0.621034238197E+00    0.327195663973E+00    0.948229902170E+00
   1470.000    0.622257789903E+00    0.325828185538E+00    0.948085975442E+00
   1480.000    0.623475169574E+00    0.324433923266E+00    0.947909092840E+00
   1490.000    0.624753600280E+00    0.322978669054E+00    0.947732269334E+00
   1500.000    0.626167610999E+00    0.321404731694E+00    0.947572342693E+00
   1510.000    0.627837455589E+00    0.319578496196E+00    0.947415951785E+00
   1520.000    0.629916999925E+00    0.317336386744E+00    0.947253386669E+00
   1530.000    0.632500567891E+00    0.314583793815E+00    0.947084361706E+00
   1540.000    0.635523926860E+00    0.311397037050E+00    0.946920963910E+00
   1550.000    0.638754233761E+00    0.308017978840E+00    0.946772212601E+00
   1560.000    0.641890981094E+00    0.304737791731E+00    0.946628772825E+00
   1570.000    0.644698230862E+00    0.301793613322E+00    0.946491844184E+00
   1580.000    0.647080369179E+00    0.299292728455E+00    0.946373097634E+00
   1590.000    0.649076907084E+00    0.297195405390E+00    0.946272312474E+00
   1600.000    0.650805486793E+00    0.295358347779E+00    0.946163834572E+00
   1610.000    0.652402615253E+00    0.293620594582E+00    0.946023209835E+00
   1620.000    0.653987846081E+00    0.291860287260E+00    0.945848133341E+00
   1630.000    0.655645539151E+00    0.290009237664E+00    0.945654776815E+00
   1640.000    0.657413428548E+00    0.288047038486E+00    0.945460467034E+00
   1650.000    0.659286432077E+00    0.286002147470E+00    0.945288579548E+00
   1660.000    0.661249064344E+00    0.283899012178E+00    0.945148076522E+00
   1670.000    0.663322469477E+00    0.281705050930E+00    0.945027520408E+00
   1680.000    0.665580963368E+00    0.279333503071E+00    0.944914466439E+00
   1690.000    0.668119639775E+00    0.276685380090E+00    0.944805019866E+00
   1700.000    0.671007594963E+00    0.273681867458E+00    0.944689462421E+00
   1710.000    0.674254381670E+00    0.270294657181E+00    0.944549038851E+00
   1720.000    0.677793690316E+00    0.266583231747E+00    0.944376922064E+00
   1730.000    0.681480534814E+00    0.262707437120E+00    0.944187971934E+00
   1740.000    0.685103565924E+00    0.258898646652E+00    0.944002212576E+00
   1750.000    0.688422884165E+00    0.255406622221E+00    0.943829506386E+00
   1760.000    0.691235480854E+00    0.252429881186E+00    0.943665362040E+00
   1770.000    0.693451946634E+00    0.250039017692E+00    0.943490964325E+00
   1780.000    0.695135946800E+00    0.248143936778E+00    0.943279883579E+00
   1790.000    0.696464398477E+00    0.246561038154E+00    0.943025436630E+00
   1800.000    0.697632396199E+00    0.245127291189E+00    0.942759687388E+00
   1810.000    0.698766163076E+00    0.243744526402E+00    0.942510689478E+00
   1820.000    0.699894533881E+00    0.242395339188E+00    0.942289873069E+00
   1830.000    0.700984667266E+00    0.241109523514E+00    0.942094190780E+00
   1840.000    0.702002465901E+00    0.239915651971E+00    0.941918117871E+00
   1850.000    0.702949351485E+00    0.238803042455E+00    0.941752393940E+00
   1860.000    0.703855268316E+00    0.237732177103E+00    0.941587445419E+00
   1870.000    0.704752401725E+00    0.236660101176E+00    0.941412502901E+00
   1880.000    0.705659640688E+00    0.235565299026E+00    0.941224939714E+00
   1890.000    0.706580654953E+00    0.234453146126E+00    0.941033801079E+00
   1900.000    0.707511647973E+00    0.233344488261E+00    0.940856136234E+00
   1910.000    0.708458823809E+00    0.232239486977E+00    0.940698310786E+00
   1920.000    0.709453328509E+00    0.231100478209E+00    0.940553806718E+00
   1930.000    0.710541467272E+00    0.229874725259E+00    0.940416192531E+00
   1940.000    0.711749863548E+00    0.228531901568E+00    0.940281765115E+00
   1950.000    0.713057484231E+00    0.227098855412E+00    0.940156339643E+00
   1960.000    0.714404738754E+00    0.225642913493E+00    0.940047652247E+00
   1970.000    0.715729519740E+00    0.224224760448E+00    0.939954280189E+00
   1980.000    0.716996945575E+00    0.222870497425E+00    0.939867443000E+00
   1990.000    0.718208314258E+00    0.221568229622E+00    0.939776543880E+00
   2000.000    0.719392204871E+00    0.220280441068E+00    0.939672645939E+00
   2010.000    0.720584863295E+00    0.218971182112E+00    0.939556045407E+00
   2020.000    0.721808179543E+00    0.217623088025E+00    0.939431267568E+00
   2030.000    0.723055464499E+00    0.216253030531E+00    0.939308495029E+00
   2040.000    0.724292627810E+00    0.214910072263E+00    0.939202700073E+00
   2050.000    0.725475278208E+00    0.213645845830E+00    0.939121124038E+00
   2060.000    0.726577227094E+00    0.212475429931E+00    0.939052657025E+00
   2070.000    0.727613961506E+00    0.211369331181E+00    0.938983292686E+00
   2080.000    0.728643429620E+00    0.210264864466E+00    0.938908294086E+00
   2090.000    0.729743467504E+00    0.209084238906E+00    0.938827706410E+00
   2100.000    0.730976234180E+00    0.207761135996E+00    0.938737370176E+00
   2110.000    0.732355502228E+00    0.206281491549E+00    0.938636993777E+00
   2120.000    0.733839821286E+00    0.204693427658E+00    0.938533248944E+00
   2130.000    0.735356946800E+00    0.203077276461E+00    0.938434223261E+00
   2140.000    0.736838583500E+00    0.201501411346E+00    0.938339994846E+00
   2150.000    0.738239144135E+00    0.200011760154E+00    0.938250904288E+00
   2160.000    0.739531146940E+00    0.198637260895E+00    0.938168407835E+00
   2170.000    0.740693229051E+00    0.197397286957E+00    0.938090516008E+00
   2180.000    0.741710767899E+00    0.196297907419E+00    0.938008675318E+00
   2190.000    0.742590960043E+00    0.195328611976E+00    0.937919572019E+00
   2200.000    0.743369996553E+00    0.194456659161E+00    0.937826655714E+00
   2210.000    0.744100731897E+00    0.193634713510E+00    0.937735445406E+00
   2220.000    0.744832952625E+00    0.192817255415E+00    0.937650208040E+00
   2230.000    0.745597306922E+00    0.191973428508E+00    0.937570735430E+00
   2240.000    0.746395869786E+00    0.191100470230E+00    0.937496340016E+00
   2250.000    0.747202226961E+00    0.190221590229E+00    0.937423817190E+00
   2260.000    0.747973045613E+00    0.189378802114E+00    0.937351847727E+00
   2270.000    0.748671425833E+00    0.188611294828E+00    0.937282720661E+00
   2280.000    0.749295416090E+00    0.187926191605E+00    0.937221607695E+00
   2290.000    0.749897588771E+00    0.187271243709E+00    0.937168832480E+00
   2300.000    0.750576163452E+00    0.186543165348E+00    0.937119328800E+00
   2310.000    0.751432299248E+00    0.185637073677E+00    0.937069372925E+00
   2320.000    0.752518220190E+00    0.184502722639E+00    0.937020942829E+00
   2330.000    0.753809983353E+00    0.183164838140E+00    0.936974821493E+00
   2340.000    0.755219459208E+00    0.181710650626E+00    0.936930109835E+00
   2350.000    0.756632856598E+00    0.180254775274E+00    0.936887631872E+00
   2360.000    0.757950705213E+00    0.178900346550E+00    0.936851051763E+00
   2370.000    0.759109290381E+00    0.177713346932E+00    0.936822637313E+00
   2380.000    0.760085283614E+00    0.176715413871E+00    0.936800697485E+00
   2390.000    0.760896137281E+00    0.175887727605E+00    0.936783864885E+00
   2400.000    0.761598787243E+00    0.175172452856E+00    0.936771240098E+00
   2410.000    0.762275103307E+00    0.174486125256E+00    0.936761228563E+00
   2420.000    0.763000940691E+00    0.173746362967E+00    0.936747303658E+00
   2430.000    0.763814998393E+00    0.172908109146E+00    0.936723107539E+00
   2440.000    0.764704415143E+00    0.171980735809E+00    0.936685150952E+00
   2450.000    0.765617054981E+00    0.171019678792E+00    0.936636733773E+00
   2460.000    0.766495235995E+00    0.170087052451E+00    0.936582288446E+00
   2470.000    0.767310056618E+00    0.169215319315E+00    0.936525375933E+00
   2480.000    0.768074766772E+00    0.168389270231E+00    0.936464037003E+00
   2490.000    0.768829580701E+00    0.167564090265E+00    0.936393670965E+00
   2500.000    0.769609469125E+00    0.166706152376E+00    0.936315621501E+00
   2510.000    0.770415155472E+00    0.165822750518E+00    0.936237905990E+00
   2520.000    0.771209227495E+00    0.164958871297E+00    0.936168098792E+00
   2530.000    0.771944656082E+00    0.164160914018E+00    0.936105570100E+00
   2540.000    0.772602546497E+00    0.163444541302E+00    0.936047087799E+00
   2550.000    0.773204910489E+00    0.162787842667E+00    0.935992753156E+00
   2560.000    0.773795332801E+00    0.162148150760E+00    0.935943483561E+00
   2570.000    0.774411929007E+00    0.161482066793E+00    0.935893995800E+00
   2580.000    0.775074395281E+00    0.160760936199E+00    0.935835331480E+00
   2590.000    0.775788241526E+00    0.159967074859E+00    0.935755316385E+00
   2600.000    0.776555019532E+00    0.159089454156E+00    0.935644473687E+00
   2610.000    0.777374728309E+00    0.158129463419E+00    0.935504191727E+00
   2620.000    0.778241499747E+00    0.157107835998E+00    0.935349335745E+00
   2630.000    0.779145793965E+00    0.156050678518E+00    0.935196472483E+00
   2640.000    0.780084512875E+00    0.154970602503E+00    0.935055115378E+00
   2650.000    0.781064042167E+00    0.153867688101E+00    0.934931730268E+00
   2660.000    0.782087351132E+00    0.152742297501E+00    0.934829648633E+00
   2670.000    0.783137687646E+00    0.151602822744E+00    0.934740510390E+00
   2680.000    0.784175741692E+00    0.150478562376E+00    0.934654304068E+00
   2690.000    0.785157512046E+00    0.149405057706E+00    0.934562569753E+00
   2700.000    0.786059275809E+00    0.148408285830E+00    0.934467561639E+00
   2710.000    0.786888544347E+00    0.147493586202E+00    0.934382130549E+00
   2720.000    0.787677352553E+00    0.146632503759E+00    0.934309856312E+00
   2730.000    0.788459244236E+00    0.145780573014E+00    0.934239817250E+00
   2740.000    0.789242118710E+00    0.144917638827E+00    0.934159757537E+00
   2750.000    0.789999173375E+00    0.144066776921E+00    0.934065950296E+00
   2760.000    0.790690559913E+00    0.143271001870E+00    0.933961561783E+00
   2770.000    0.791296836657E+00    0.142557267782E+00    0.933854104439E+00
   2780.000    0.791832674313E+00    0.141915953372E+00    0.933748627685E+00
   2790.000    0.792331400791E+00    0.141320285664E+00    0.933651686456E+00
   2800.000    0.792819112960E+00    0.140747632378E+00    0.933566745338E+00
   2810.000    0.793304426995E+00    0.140178644630E+00    0.933483071625E+00
   2820.000    0.793786469103E+00    0.139598885539E+00    0.933385354642E+00
   2830.000    0.794264232114E+00    0.139009384733E+00    0.933273616847E+00
   2840.000    0.794735174772E+00    0.138428506796E+00    0.933163681568E+00
   2850.000    0.795192584439E+00    0.137874183607E+00    0.933066768047E+00
   2860.000    0.795629251706E+00    0.137353032844E+00    0.932982284550E+00
   2870.000    0.796040905584E+00    0.136862753195E+00    0.932903658779E+00
   2880.000    0.796427444221E+00    0.136393509310E+00    0.932820953531E+00
   2890.000    0.796794493861E+00    0.135939259649E+00    0.932733753510E+00
   2900.000    0.797155005521E+00    0.135492112819E+00    0.932647118340E+00
   2910.000    0.797529706540E+00    0.135037229180E+00    0.932566935720E+00
   2920.000    0.797942356131E+00    0.134552171065E+00    0.932494527196E+00
   2930.000    0.798409008916E+00    0.134013572069E+00    0.932422580985E+00
   2940.000    0.798928387681E+00    0.133417832258E+00    0.932346219939E+00
   2950.000    0.799479999316E+00    0.132790102355E+00    0.932270101672E+00
   2960.000    0.800030082584E+00    0.132174471550E+00    0.932204554134E+00
   2970.000    0.800541790047E+00    0.131608344000E+00    0.932150134047E+00
   2980.000    0.800987167778E+00    0.131110523332E+00    0.932097691110E+00
   2990.000    0.801357703669E+00    0.130683048468E+00    0.932040752136E+00
   3000.000    0.801669993406E+00    0.130309361561E+00    0.931979354967E+00
   3010.000    0.801963758300E+00    0.129951643327E+00    0.931915401626E+00
   3020.000    0.802289100134E+00    0.129557593194E+00    0.931846693328E+00
   3030.000    0.802684321667E+00    0.129085055490E+00    0.931769377157E+00
   3040.000    0.803156442789E+00    0.128531669906E+00    0.931688112695E+00
   3050.000    0.803680262870E+00    0.127930818848E+00    0.931611081719E+00
   3060.000    0.804220864360E+00    0.127314989045E+00    0.931535853405E+00
   3070.000    0.804761472332E+00    0.126691554837E+00    0.931453027168E+00
   3080.000    0.805312423075E+00    0.126046391395E+00    0.931358814471E+00
   3090.000    0.805898044799E+00    0.125362389434E+00    0.931260434233E+00
   3100.000    0.806538459235E+00    0.124627584989E+00    0.931166044224E+00
   3110.000    0.807242157964E+00    0.123838420312E+00    0.931080578277E+00
   3120.000    0.808006407225E+00    0.122999785552E+00    0.931006192777E+00
   3130.000    0.808818060318E+00    0.122123166719E+00    0.930941227036E+00
   3140.000    0.809654970527E+00    0.121227697340E+00    0.930882667867E+00
   3150.000    0.810490282677E+00    0.120340722593E+00    0.930831005270E+00
   3160.000    0.811300323074E+00    0.119489505619E+00    0.930789828693E+00
   3170.000    0.812073648832E+00    0.118684930631E+00    0.930758579463E+00
   3180.000    0.812816683395E+00    0.117915830714E+00    0.930732514109E+00
   3190.000    0.813552168733E+00    0.117154304166E+00    0.930706472899E+00
   3200.000    0.814308900619E+00    0.116369518696E+00    0.930678419315E+00
   3210.000    0.815106091336E+00    0.115542876961E+00    0.930648968297E+00
   3220.000    0.815941899788E+00    0.114678692326E+00    0.930620592114E+00
   3230.000    0.816794363992E+00    0.113801939005E+00    0.930596302997E+00
   3240.000    0.817633929340E+00    0.112939469690E+00    0.930573399030E+00
   3250.000    0.818436074341E+00    0.112112999747E+00    0.930549074088E+00
   3260.000    0.819186181638E+00    0.111336131977E+00    0.930522313614E+00
   3270.000    0.819878429606E+00    0.110615784427E+00    0.930494214033E+00
   3280.000    0.820513751224E+00    0.109948710169E+00    0.930462461393E+00
   3290.000    0.821097943782E+00    0.109327286999E+00    0.930425230782E+00
   3300.000    0.821637821521E+00    0.108746440458E+00    0.930384261979E+00
   3310.000    0.822137737809E+00    0.108208339452E+00    0.930346077261E+00
   3320.000    0.822598713796E+00    0.107719146529E+00    0.930317860326E+00
   3330.000    0.823022918738E+00    0.107272447475E+00    0.930295366213E+00
   3340.000    0.823419563146E+00    0.106850883135E+00    0.930270446281E+00
   3350.000    0.823803598820E+00    0.106437309669E+00    0.930240908489E+00
   3360.000    0.824188882321E+00    0.106022264662E+00    0.930211146983E+00
   3370.000    0.824583262881E+00    0.105601971568E+00    0.930185234450E+00
   3380.000    0.824988019245E+00    0.105176264591E+00    0.930164283837E+00
   3390.000    0.825398122396E+00    0.104748867415E+00    0.930146989811E+00
   3400.000    0.825803392464E+00    0.104327816367E+00    0.930131208831E+00
   3410.000    0.826190865878E+00    0.103925167550E+00    0.930116033429E+00
   3420.000    0.826548120419E+00    0.103554531788E+00    0.930102652207E+00
   3430.000    0.826867947610E+00    0.103222452578E+00    0.930090400188E+00
   3440.000    0.827152341304E+00    0.102923432172E+00    0.930075773476E+00
   3450.000    0.827413990627E+00    0.102636344801E+00    0.930050335429E+00
   3460.000    0.827673923534E+00    0.102327599859E+00    0.930001523393E+00
   3470.000    0.827954532692E+00    0.101966612422E+00    0.929921145114E+00
   3480.000    0.828270791451E+00    0.101544506479E+00    0.929815297930E+00
   3490.000    0.828627384206E+00    0.101070502073E+00    0.929697886279E+00
   3500.000    0.829024568852E+00    0.100553721058E+00    0.929578289910E+00
   3510.000    0.829465050744E+00    0.999951302964E-01    0.929460181040E+00
   3520.000    0.829953536198E+00    0.993937102170E-01    0.929347246415E+00
   3530.000    0.830491180992E+00    0.987494359134E-01    0.929240616906E+00
   3540.000    0.831069687589E+00    0.980726653940E-01    0.929142352983E+00
   3550.000    0.831670129017E+00    0.973758946230E-01    0.929046023640E+00
   3560.000    0.832269836799E+00    0.966761805439E-01    0.928946017343E+00
   3570.000    0.832853174711E+00    0.959852342053E-01    0.928838408916E+00
   3580.000    0.833419032456E+00    0.953004831803E-01    0.928719515637E+00
   3590.000    0.833976869442E+00    0.946139309886E-01    0.928590800430E+00
   3600.000    0.834533274432E+00    0.939247866608E-01    0.928458061093E+00
   3610.000    0.835081794576E+00    0.932449076064E-01    0.928326702182E+00
   3620.000    0.835603153256E+00    0.925998351910E-01    0.928202988447E+00
   3630.000    0.836074412462E+00    0.920199307948E-01    0.928094343257E+00
   3640.000    0.836482834490E+00    0.915164641548E-01    0.927999298644E+00
   3650.000    0.836833817164E+00    0.910836803736E-01    0.927917497538E+00
   3660.000    0.837149572183E+00    0.906966836843E-01    0.927846255867E+00
   3670.000    0.837462483485E+00    0.903197466512E-01    0.927782230136E+00
   3680.000    0.837804056670E+00    0.899173687119E-01    0.927721425382E+00
   3690.000    0.838194994233E+00    0.894638513452E-01    0.927658845578E+00
   3700.000    0.838641541399E+00    0.889457826141E-01    0.927587324014E+00
   3710.000    0.839137774979E+00    0.883632593220E-01    0.927501034301E+00
   3720.000    0.839668538673E+00    0.877338521365E-01    0.927402390809E+00
   3730.000    0.840212222400E+00    0.870882671665E-01    0.927300489566E+00
   3740.000    0.840745498238E+00    0.864605904217E-01    0.927206088659E+00
   3750.000    0.841249244658E+00    0.858747155597E-01    0.927123960218E+00
   3760.000    0.841712259291E+00    0.853416069925E-01    0.927053866283E+00
   3770.000    0.842131507736E+00    0.848598031768E-01    0.926991310913E+00
   3780.000    0.842511710820E+00    0.844201865084E-01    0.926931897328E+00
   3790.000    0.842865218484E+00    0.840075406261E-01    0.926872759110E+00
   3800.000    0.843211264334E+00    0.836060220375E-01    0.926817286371E+00
   3810.000    0.843572051764E+00    0.831979456983E-01    0.926769997462E+00
   3820.000    0.843965479101E+00    0.827649868540E-01    0.926730465955E+00
   3830.000    0.844397991133E+00    0.822974881054E-01    0.926695479238E+00
   3840.000    0.844863520904E+00    0.817986381598E-01    0.926662159064E+00
   3850.000    0.845350740197E+00    0.812792489498E-01    0.926629989147E+00
   3860.000    0.845851834398E+00    0.807489084122E-01    0.926600742810E+00
   3870.000    0.846365370547E+00    0.802081060428E-01    0.926573476590E+00
   3880.000    0.846892838139E+00    0.796500206645E-01    0.926542858804E+00
   3890.000    0.847432968441E+00    0.790715234433E-01    0.926504491884E+00
   3900.000    0.847977625817E+00    0.784811254920E-01    0.926458751309E+00
   3910.000    0.848509926514E+00    0.779006876947E-01    0.926410614208E+00
   3920.000    0.849004276909E+00    0.773624603014E-01    0.926366737210E+00
   3930.000    0.849432478913E+00    0.768990156337E-01    0.926331494547E+00
   3940.000    0.849777268481E+00    0.765266179849E-01    0.926303886466E+00
   3950.000    0.850042630328E+00    0.762342973769E-01    0.926276927705E+00
   3960.000    0.850250965901E+00    0.759956763495E-01    0.926246642251E+00
   3970.000    0.850429914682E+00    0.757859324829E-01    0.926215847165E+00
   3980.000    0.850600010360E+00    0.755907748968E-01    0.926190785257E+00
   3990.000    0.850770308108E+00    0.754021053136E-01    0.926172413421E+00
   4000.000    0.850940213389E+00    0.752154157457E-01    0.926155629135E+00
   4010.000    0.851104399778E+00    0.750326720042E-01    0.926137071783E+00
   4020.000    0.851260464923E+00    0.748578931592E-01    0.926118358082E+00
   4030.000    0.851417812065E+00    0.746842317157E-01    0.926102043781E+00
   4040.000    0.851599907930E+00    0.744894015175E-01    0.926089309448E+00
   4050.000    0.851833557242E+00    0.742452598936E-01    0.926078817136E+00
   4060.000    0.852130725780E+00    0.739358861966E-01    0.926066611977E+00
   4070.000    0.852477014833E+00    0.735754319242E-01    0.926052446758E+00
   4080.000    0.852837471495E+00    0.732013352239E-01    0.926038806719E+00
   4090.000    0.853174941968E+00    0.728541531914E-01    0.926029095159E+00
   4100.000    0.853466199742E+00    0.725569702297E-01    0.926023169972E+00
   4110.000    0.853706390645E+00    0.723120814933E-01    0.926018472138E+00
   4120.000    0.853903625331E+00    0.721094319108E-01    0.926013057242E+00
   4130.000    0.854071803378E+00    0.719347993386E-01    0.926006602717E+00
   4140.000    0.854226154906E+00    0.717737649534E-01    0.925999919860E+00
   4150.000    0.854380905328E+00    0.716114721708E-01    0.925992377499E+00
   4160.000    0.854547300034E+00    0.714346201008E-01    0.925981920135E+00
   4170.000    0.854732089993E+00    0.712322639669E-01    0.925964353960E+00
   4180.000    0.854938113545E+00    0.709965110318E-01    0.925934624577E+00
   4190.000    0.855167353494E+00    0.707223993763E-01    0.925889752870E+00
   4200.000    0.855423738163E+00    0.704100093802E-01    0.925833747544E+00
   4210.000    0.855712962324E+00    0.700627113744E-01    0.925775673699E+00
   4220.000    0.856040303971E+00    0.696815708436E-01    0.925721874815E+00
   4230.000    0.856407885228E+00    0.692680501079E-01    0.925675935336E+00
   4240.000    0.856813062517E+00    0.688227585378E-01    0.925635821055E+00
   4250.000    0.857247743251E+00    0.683511271220E-01    0.925598870373E+00
   4260.000    0.857697666771E+00    0.678668989786E-01    0.925564565750E+00
   4270.000    0.858144373781E+00    0.673892933572E-01    0.925533667138E+00
   4280.000    0.858570651190E+00    0.669357698869E-01    0.925506421077E+00
   4290.000    0.858965796292E+00    0.665157563534E-01    0.925481552645E+00
   4300.000    0.859326062747E+00    0.661318646012E-01    0.925457927349E+00
   4310.000    0.859650817584E+00    0.657823598904E-01    0.925433177474E+00
   4320.000    0.859939411730E+00    0.654659023245E-01    0.925405314055E+00
   4330.000    0.860193110168E+00    0.651800278009E-01    0.925373137969E+00
   4340.000    0.860420850496E+00    0.649181501846E-01    0.925339000681E+00
   4350.000    0.860642922708E+00    0.646628380283E-01    0.925305760736E+00
   4360.000    0.860887177201E+00    0.643883582003E-01    0.925275535401E+00
   4370.000    0.861177067798E+00    0.640710218611E-01    0.925248089659E+00
   4380.000    0.861518576797E+00    0.637005760103E-01    0.925219152807E+00
   4390.000    0.861896811689E+00    0.632846894663E-01    0.925181501155E+00
   4400.000    0.862286018366E+00    0.628443979195E-01    0.925130416286E+00
   4410.000    0.862665232985E+00    0.624011513709E-01    0.925066384356E+00
   4420.000    0.863028640309E+00    0.619668238199E-01    0.924995464129E+00
   4430.000    0.863384957470E+00    0.615406770999E-01    0.924925634570E+00
   4440.000    0.863748640922E+00    0.611154859245E-01    0.924864126847E+00
   4450.000    0.864130597380E+00    0.606835597813E-01    0.924814157162E+00
   4460.000    0.864534397076E+00    0.602411536544E-01    0.924775550730E+00
   4470.000    0.864958493750E+00    0.597883108063E-01    0.924746804556E+00
   4480.000    0.865400349725E+00    0.593241646099E-01    0.924724514335E+00
   4490.000    0.865856691879E+00    0.588482637089E-01    0.924704955588E+00
   4500.000    0.866318703611E+00    0.583658545941E-01    0.924684558206E+00
   4510.000    0.866769049099E+00    0.578923862793E-01    0.924661435379E+00
   4520.000    0.867187064199E+00    0.574464858966E-01    0.924633550096E+00
   4530.000    0.867559898112E+00    0.570419284650E-01    0.924601826577E+00
   4540.000    0.867890278929E+00    0.566781984580E-01    0.924568477387E+00
   4550.000    0.868194567487E+00    0.563396035973E-01    0.924534171084E+00
   4560.000    0.868493316726E+00    0.560029890365E-01    0.924496305762E+00
   4570.000    0.868800874452E+00    0.556523465277E-01    0.924453220979E+00
   4580.000    0.869119388587E+00    0.552852067023E-01    0.924404595289E+00
   4590.000    0.869439629237E+00    0.549090595857E-01    0.924348688823E+00
   4600.000    0.869746483482E+00    0.545374162717E-01    0.924283899754E+00
   4610.000    0.870026098774E+00    0.541820264587E-01    0.924208125233E+00
   4620.000    0.870272088086E+00    0.538490405857E-01    0.924121128672E+00
   4630.000    0.870487660388E+00    0.535391082866E-01    0.924026768675E+00
   4640.000    0.870683440882E+00    0.532493207216E-01    0.923932761604E+00
   4650.000    0.870873564966E+00    0.529706655250E-01    0.923844230491E+00
   4660.000    0.871072132386E+00    0.526908581719E-01    0.923762990558E+00
   4670.000    0.871290179640E+00    0.523993995392E-01    0.923689579179E+00
   4680.000    0.871534950462E+00    0.520869708258E-01    0.923621921288E+00
   4690.000    0.871810599422E+00    0.517495369716E-01    0.923560136393E+00
   4700.000    0.872118339949E+00    0.513834501537E-01    0.923501790103E+00
   4710.000    0.872454765249E+00    0.509871384014E-01    0.923441903650E+00
   4720.000    0.872808925595E+00    0.505634485035E-01    0.923372374098E+00
   4730.000    0.873162547381E+00    0.501243316081E-01    0.923286878990E+00
   4740.000    0.873495727570E+00    0.496876818485E-01    0.923183409419E+00
   4750.000    0.873793653314E+00    0.492764928730E-01    0.923070146187E+00
   4760.000    0.874050180562E+00    0.489057703276E-01    0.922955950889E+00
   4770.000    0.874267238570E+00    0.485842104695E-01    0.922851449040E+00
   4780.000    0.874452610387E+00    0.483109107291E-01    0.922763521116E+00
   4790.000    0.874618714116E+00    0.480725866017E-01    0.922691300718E+00
   4800.000    0.874779325900E+00    0.478514665925E-01    0.922630792493E+00
   4810.000    0.874945226042E+00    0.476322393778E-01    0.922577465420E+00
   4820.000    0.875121395725E+00    0.474066087113E-01    0.922528004437E+00
   4830.000    0.875306529242E+00    0.471746166565E-01    0.922481145898E+00
   4840.000    0.875495112944E+00    0.469425708236E-01    0.922437683767E+00
   4850.000    0.875681137044E+00    0.467179052751E-01    0.922399042319E+00
   4860.000    0.875861263561E+00    0.465045438438E-01    0.922365807405E+00
   4870.000    0.876035013327E+00    0.463027370997E-01    0.922337750427E+00
   4880.000    0.876202127991E+00    0.461117462764E-01    0.922313874268E+00
   4890.000    0.876360598321E+00    0.459323534653E-01    0.922292951787E+00
   4900.000    0.876507484459E+00    0.457670049552E-01    0.922274489414E+00
   4910.000    0.876640950834E+00    0.456183548546E-01    0.922259305689E+00
   4920.000    0.876761821388E+00    0.454837896227E-01    0.922245611010E+00
   4930.000    0.876873233643E+00    0.453576417452E-01    0.922230875388E+00
   4940.000    0.876979585272E+00    0.452321967150E-01    0.922211781987E+00
   4950.000    0.877086334753E+00    0.451013003113E-01    0.922187635064E+00
   4960.000    0.877199805904E+00    0.449608568623E-01    0.922160662766E+00
   4970.000    0.877326153093E+00    0.448083634802E-01    0.922134516573E+00
   4980.000    0.877469861452E+00    0.446418415899E-01    0.922111703042E+00
   4990.000    0.877633246957E+00    0.444592496751E-01    0.922092496632E+00
   5000.000    0.877816465843E+00    0.442593675316E-01    0.922075833375E+00
   5010.000    0.878016783627E+00    0.440434738346E-01    0.922060257462E+00
   5020.000    0.878228252606E+00    0.438165824048E-01    0.922044835011E+00
   5030.000    0.878443424255E+00    0.435857424903E-01    0.922029166745E+00
   5040.000    0.878656405965E+00    0.433566913910E-01    0.922013097356E+00
   5050.000    0.878864790271E+00    0.431314627332E-01    0.921996253004E+00
   5060.000    0.879069120759E+00    0.429093496600E-01    0.921978470419E+00
   5070.000    0.879270541097E+00    0.426900652764E-01    0.921960606374E+00
   5080.000    0.879468711205E+00    0.424750549285E-01    0.921943766134E+00
   5090.000    0.879661496402E+00    0.422663166346E-01    0.921927813037E+00
   5100.000    0.879845967679E+00    0.420672273235E-01    0.921913195002E+00
   5110.000    0.880019532889E+00    0.418808112623E-01    0.921900344151E+00
   5120.000    0.880180660089E+00    0.417084263412E-01    0.921889086430E+00
   5130.000    0.880328781111E+00    0.415505302776E-01    0.921879311389E+00
   5140.000    0.880463686909E+00    0.414073972490E-01    0.921871084158E+00
   5150.000    0.880585553017E+00    0.412779084394E-01    0.921863461456E+00
   5160.000    0.880695345852E+00    0.411605215517E-01    0.921855867403E+00
   5170.000    0.880795157224E+00    0.410521002767E-01    0.921847257501E+00
   5180.000    0.880888062694E+00    0.409485709392E-01    0.921836633633E+00
   5190.000    0.880977371668E+00    0.408460290350E-01    0.921823400703E+00
   5200.000    0.881065675169E+00    0.407430021752E-01    0.921808677345E+00
   5210.000    0.881154203576E+00    0.406390634246E-01    0.921793267000E+00
   5220.000    0.881242571861E+00    0.405350799939E-01    0.921777651855E+00
   5230.000    0.881329064377E+00    0.404322345346E-01    0.921761298912E+00
   5240.000    0.881411384918E+00    0.403337296572E-01    0.921745114575E+00
   5250.000    0.881487439960E+00    0.402435217020E-01    0.921730961662E+00
   5260.000    0.881556238720E+00    0.401623625929E-01    0.921718601313E+00
   5270.000    0.881618172567E+00    0.400890273771E-01    0.921707199944E+00
   5280.000    0.881674325842E+00    0.400220972804E-01    0.921696423122E+00
   5290.000    0.881726026769E+00    0.399603752616E-01    0.921686402030E+00
   5300.000    0.881774798890E+00    0.399026509956E-01    0.921677449886E+00
   5310.000    0.881822098139E+00    0.398473247566E-01    0.921669422896E+00
   5320.000    0.881869002017E+00    0.397925585771E-01    0.921661560594E+00
   5330.000    0.881915892638E+00    0.397373619841E-01    0.921653254622E+00
   5340.000    0.881962251240E+00    0.396823873664E-01    0.921644638606E+00
   5350.000    0.882006883785E+00    0.396295234765E-01    0.921636407261E+00
   5360.000    0.882049032022E+00    0.395794285861E-01    0.921628460608E+00
   5370.000    0.882089796440E+00    0.395310884055E-01    0.921620884845E+00
   5380.000    0.882132496165E+00    0.394809135183E-01    0.921613409683E+00
   5390.000    0.882181684770E+00    0.394239320989E-01    0.921605616869E+00
   5400.000    0.882241617069E+00    0.393550593259E-01    0.921596676395E+00
   5410.000    0.882314885036E+00    0.392711405704E-01    0.921586025606E+00
   5420.000    0.882401907843E+00    0.391718080788E-01    0.921573715922E+00
   5430.000    0.882502200306E+00    0.390575014056E-01    0.921559701712E+00
   5440.000    0.882616884798E+00    0.389274802930E-01    0.921544365092E+00
   5450.000    0.882750491261E+00    0.387777078621E-01    0.921528199123E+00
   5460.000    0.882910464422E+00    0.386019165674E-01    0.921512380989E+00
   5470.000    0.883104130210E+00    0.383935352635E-01    0.921497665474E+00
   5480.000    0.883335326715E+00    0.381488449490E-01    0.921484171664E+00
   5490.000    0.883602390815E+00    0.378690640174E-01    0.921471454832E+00
   5500.000    0.883897425620E+00    0.375606768708E-01    0.921458102491E+00
   5510.000    0.884206490838E+00    0.372364906521E-01    0.921442981490E+00
   5520.000    0.884511007037E+00    0.369152973636E-01    0.921426304401E+00
   5530.000    0.884791250816E+00    0.366174937993E-01    0.921408744616E+00
   5540.000    0.885031388786E+00    0.363606052986E-01    0.921391994085E+00
   5550.000    0.885224021836E+00    0.361524496228E-01    0.921376471459E+00
   5560.000    0.885371611029E+00    0.359900542432E-01    0.921361665272E+00
   5570.000    0.885484063988E+00    0.358624705076E-01    0.921346534496E+00
   5580.000    0.885573854296E+00    0.357557545937E-01    0.921329608890E+00
   5590.000    0.885651168887E+00    0.356586233893E-01    0.921309792277E+00
   5600.000    0.885721582475E+00    0.355669517789E-01    0.921288534253E+00
   5610.000    0.885787073325E+00    0.354799494817E-01    0.921267022806E+00
   5620.000    0.885848275151E+00    0.353992217863E-01    0.921247496938E+00
   5630.000    0.885906521634E+00    0.353236437130E-01    0.921230165347E+00
   5640.000    0.885965219187E+00    0.352493561123E-01    0.921214575299E+00
   5650.000    0.886030019156E+00    0.351706286937E-01    0.921200647849E+00
   5660.000    0.886108781696E+00    0.350791823596E-01    0.921187964056E+00
   5670.000    0.886210553363E+00    0.349660202789E-01    0.921176573642E+00
   5680.000    0.886342883076E+00    0.348229352508E-01    0.921165818326E+00
   5690.000    0.886508550920E+00    0.346469792033E-01    0.921155530124E+00
   5700.000    0.886703519075E+00    0.344420681339E-01    0.921145587209E+00
   5710.000    0.886917160269E+00    0.342188969136E-01    0.921136057183E+00
   5720.000    0.887134699249E+00    0.339920621986E-01    0.921126761448E+00
   5730.000    0.887341333559E+00    0.337767982851E-01    0.921118131844E+00
   5740.000    0.887526705979E+00    0.335832734240E-01    0.921109979403E+00
   5750.000    0.887687432550E+00    0.334145606142E-01    0.921101993164E+00
   5760.000    0.887825913861E+00    0.332686883378E-01    0.921094602199E+00
   5770.000    0.887946679919E+00    0.331412488965E-01    0.921087928816E+00
   5780.000    0.888053315990E+00    0.330279790700E-01    0.921081295060E+00
   5790.000    0.888148043405E+00    0.329250755086E-01    0.921073118914E+00
   5800.000    0.888232871304E+00    0.328296324018E-01    0.921062503706E+00
   5810.000    0.888310141806E+00    0.327390699836E-01    0.921049211789E+00
   5820.000    0.888381990426E+00    0.326520641625E-01    0.921034054588E+00
   5830.000    0.888449609870E+00    0.325679834708E-01    0.921017593340E+00
   5840.000    0.888513404163E+00    0.324859680855E-01    0.920999372248E+00
   5850.000    0.888573898547E+00    0.324043776253E-01    0.920978276172E+00
   5860.000    0.888631923455E+00    0.323216552773E-01    0.920953578732E+00
   5870.000    0.888688042747E+00    0.322359374442E-01    0.920923980191E+00
   5880.000    0.888742097414E+00    0.321475990710E-01    0.920889696485E+00
   5890.000    0.888793927305E+00    0.320576732946E-01    0.920851600600E+00
   5900.000    0.888844696136E+00    0.319680611958E-01    0.920812757331E+00
   5910.000    0.888897211355E+00    0.318779755628E-01    0.920775186917E+00
   5920.000    0.888955085534E+00    0.317855713307E-01    0.920740656865E+00
   5930.000    0.889021096814E+00    0.316884319895E-01    0.920709528803E+00
   5940.000    0.889095618478E+00    0.315873887237E-01    0.920683007201E+00
   5950.000    0.889176167290E+00    0.314852187663E-01    0.920661386056E+00
   5960.000    0.889258563477E+00    0.313848726869E-01    0.920643436164E+00
   5970.000    0.889338573598E+00    0.312897618521E-01    0.920628335450E+00
   5980.000    0.889413514512E+00    0.312013237007E-01    0.920614838213E+00
   5990.000    0.889483417033E+00    0.311189559075E-01    0.920602372941E+00
   6000.000    0.889551090549E+00    0.310390621864E-01    0.920590152736E+00
   6010.000    0.889620941818E+00    0.309570035753E-01    0.920577945393E+00
   6020.000    0.889696959746E+00    0.308685902832E-01    0.920565550030E+00
   6030.000    0.889780858928E+00    0.307720993812E-01    0.920552958309E+00
   6040.000    0.889871624024E+00    0.306671647083E-01    0.920538788733E+00
   6050.000    0.889966344709E+00    0.305569952254E-01    0.920523339934E+00
   6060.000    0.890061537936E+00    0.304460037570E-01    0.920507541693E+00
   6070.000    0.890154030386E+00    0.303389464397E-01    0.920492976826E+00
   6080.000    0.890240839504E+00    0.302406366971E-01    0.920481476201E+00
   6090.000    0.890319550145E+00    0.301524665472E-01    0.920472016693E+00
   6100.000    0.890388923294E+00    0.300739860640E-01    0.920462909358E+00
   6110.000    0.890449053627E+00    0.300038504550E-01    0.920452904082E+00
   6120.000    0.890501800230E+00    0.299390020899E-01    0.920440802320E+00
   6130.000    0.890550929096E+00    0.298746725045E-01    0.920425601601E+00
   6140.000    0.890601332404E+00    0.298063767312E-01    0.920407709135E+00
   6150.000    0.890658264338E+00    0.297287271607E-01    0.920386991499E+00
   6160.000    0.890726304293E+00    0.296377515118E-01    0.920364055805E+00
   6170.000    0.890808051695E+00    0.295315699362E-01    0.920339621631E+00
   6180.000    0.890903198261E+00    0.294119880024E-01    0.920315186263E+00
   6190.000    0.891008521301E+00    0.292829899299E-01    0.920291511231E+00
   6200.000    0.891118996883E+00    0.291513398535E-01    0.920270336736E+00
   6210.000    0.891229362613E+00    0.290225781794E-01    0.920251940792E+00
   6220.000    0.891335513158E+00    0.288993927825E-01    0.920234905941E+00
   6230.000    0.891435029236E+00    0.287829673697E-01    0.920217996606E+00
   6240.000    0.891527270195E+00    0.286734403920E-01    0.920200710587E+00
   6250.000    0.891613350472E+00    0.285684965096E-01    0.920181846981E+00
   6260.000    0.891695319286E+00    0.284662261707E-01    0.920161545457E+00
   6270.000    0.891774680756E+00    0.283652578481E-01    0.920139938604E+00
   6280.000    0.891851479749E+00    0.282667567126E-01    0.920118236462E+00
   6290.000    0.891924394213E+00    0.281738669812E-01    0.920098261194E+00
   6300.000    0.891992070672E+00    0.280885945514E-01    0.920080665224E+00
   6310.000    0.892054157149E+00    0.280117230099E-01    0.920065880159E+00
   6320.000    0.892111146064E+00    0.279421084979E-01    0.920053254562E+00
   6330.000    0.892163881623E+00    0.278780134275E-01    0.920041895050E+00
   6340.000    0.892213386515E+00    0.278182615797E-01    0.920031648094E+00
   6350.000    0.892261550171E+00    0.277610794424E-01    0.920022629613E+00
   6360.000    0.892311573111E+00    0.277029772659E-01    0.920014550377E+00
   6370.000    0.892367023631E+00    0.276398167153E-01    0.920006840346E+00
   6380.000    0.892430235102E+00    0.275691214898E-01    0.919999356592E+00
   6390.000    0.892501348146E+00    0.274901269453E-01    0.919991475092E+00
   6400.000    0.892578241803E+00    0.274057559998E-01    0.919983997803E+00
   6410.000    0.892657526160E+00    0.273191749254E-01    0.919976701085E+00
   6420.000    0.892735896311E+00    0.272344739042E-01    0.919970370215E+00
   6430.000    0.892811136447E+00    0.271534799245E-01    0.919964616372E+00
   6440.000    0.892882587975E+00    0.270757277883E-01    0.919958315764E+00
   6450.000    0.892950978389E+00    0.269990777541E-01    0.919950056143E+00
   6460.000    0.893017700923E+00    0.269218637191E-01    0.919939564642E+00
   6470.000    0.893084003529E+00    0.268444901119E-01    0.919928493641E+00
   6480.000    0.893151046669E+00    0.267679866311E-01    0.919919033300E+00
   6490.000    0.893220999700E+00    0.266904560501E-01    0.919911455750E+00
   6500.000    0.893297376013E+00    0.266078594669E-01    0.919905235480E+00
   6510.000    0.893383508539E+00    0.265161836887E-01    0.919899692228E+00
   6520.000    0.893480955940E+00    0.264134786443E-01    0.919894434585E+00
   6530.000    0.893589306196E+00    0.263003909465E-01    0.919889697143E+00
   6540.000    0.893707041733E+00    0.261782917375E-01    0.919885333471E+00
   6550.000    0.893831792586E+00    0.260490590961E-01    0.919880851682E+00
   6560.000    0.893959537874E+00    0.259163432278E-01    0.919875881102E+00
   6570.000    0.894084072320E+00    0.257866273541E-01    0.919870699674E+00
   6580.000    0.894198260407E+00    0.256674206122E-01    0.919865681019E+00
   6590.000    0.894296954685E+00    0.255633962136E-01    0.919860350899E+00
   6600.000    0.894379160471E+00    0.254744475200E-01    0.919853607991E+00
   6610.000    0.894447625148E+00    0.253970258389E-01    0.919844650987E+00
   6620.000    0.894506452106E+00    0.253272408611E-01    0.919833692967E+00
   6630.000    0.894558575320E+00    0.252636861183E-01    0.919822261438E+00
   6640.000    0.894604931268E+00    0.252059318688E-01    0.919810863136E+00
   6650.000    0.894645400588E+00    0.251541107848E-01    0.919799511373E+00
   6660.000    0.894680303874E+00    0.251074281199E-01    0.919787731994E+00
   6670.000    0.894711318733E+00    0.250641145068E-01    0.919775433240E+00
   6680.000    0.894740981573E+00    0.250229005031E-01    0.919763882076E+00
   6690.000    0.894771704010E+00    0.249817710898E-01    0.919753475100E+00
   6700.000    0.894805357344E+00    0.249392743526E-01    0.919744631697E+00
   6710.000    0.894843584492E+00    0.248926325521E-01    0.919736217044E+00
   6720.000    0.894888317250E+00    0.248389257808E-01    0.919727243031E+00
   6730.000    0.894941704583E+00    0.247751731568E-01    0.919716877740E+00
   6740.000    0.895005535124E+00    0.246991434825E-01    0.919704678607E+00
   6750.000    0.895080342184E+00    0.246102872869E-01    0.919690629471E+00
   6760.000    0.895164634511E+00    0.245105867409E-01    0.919675221252E+00
   6770.000    0.895255028521E+00    0.244043256915E-01    0.919659354212E+00
   6780.000    0.895347392445E+00    0.242969025572E-01    0.919644295002E+00
   6790.000    0.895438552319E+00    0.241920483419E-01    0.919630600661E+00
   6800.000    0.895527509940E+00    0.240912451531E-01    0.919618755093E+00
   6810.000    0.895615517884E+00    0.239932234422E-01    0.919608741326E+00
   6820.000    0.895705225538E+00    0.238953654861E-01    0.919600591024E+00
   6830.000    0.895799314917E+00    0.237943620694E-01    0.919593676987E+00
   6840.000    0.895899095869E+00    0.236882843060E-01    0.919587380175E+00
   6850.000    0.896003667340E+00    0.235774339786E-01    0.919581101318E+00
   6860.000    0.896110218772E+00    0.234643332310E-01    0.919574552003E+00
   6870.000    0.896215416444E+00    0.233522840469E-01    0.919567700491E+00
   6880.000    0.896316877708E+00    0.232438637399E-01    0.919560741448E+00
   6890.000    0.896413691295E+00    0.231396228612E-01    0.919553314156E+00
   6900.000    0.896505771051E+00    0.230388928988E-01    0.919544663949E+00
   6910.000    0.896592731707E+00    0.229411180814E-01    0.919533849788E+00
   6920.000    0.896673526166E+00    0.228457442156E-01    0.919519270382E+00
   6930.000    0.896746787087E+00    0.227546092764E-01    0.919501396363E+00
   6940.000    0.896811298236E+00    0.226711019995E-01    0.919482400236E+00
   6950.000    0.896866509630E+00    0.225983630984E-01    0.919464872729E+00
   6960.000    0.896912830728E+00    0.225376056251E-01    0.919450436353E+00
   6970.000    0.896951688168E+00    0.224870544986E-01    0.919438742667E+00
   6980.000    0.896985315868E+00    0.224435674636E-01    0.919428883331E+00
   6990.000    0.897016294261E+00    0.224039676252E-01    0.919420261886E+00
   7000.000    0.897047029550E+00    0.223659493995E-01    0.919412978950E+00
   7010.000    0.897079331036E+00    0.223274778034E-01    0.919406808840E+00
   7020.000    0.897114228347E+00    0.222870535878E-01    0.919401281935E+00
   7030.000    0.897151856129E+00    0.222441297107E-01    0.919395985840E+00
   7040.000    0.897191558291E+00    0.221990359915E-01    0.919390594283E+00
   7050.000    0.897232216370E+00    0.221526567037E-01    0.919384873074E+00
   7060.000    0.897272480012E+00    0.221064822804E-01    0.919378962292E+00
   7070.000    0.897311045730E+00    0.220614466265E-01    0.919372492357E+00
   7080.000    0.897347062139E+00    0.220181842742E-01    0.919365246413E+00
   7090.000    0.897380389464E+00    0.219776652557E-01    0.919358054720E+00
   7100.000    0.897411646190E+00    0.219398210814E-01    0.919351467271E+00
   7110.000    0.897442035631E+00    0.219034425468E-01    0.919345478178E+00
   7120.000    0.897472782083E+00    0.218676866121E-01    0.919340468696E+00
   7130.000    0.897504682916E+00    0.218316608095E-01    0.919336343725E+00
   7140.000    0.897538158133E+00    0.217947295631E-01    0.919332887696E+00
   7150.000    0.897573419961E+00    0.217562285440E-01    0.919329648505E+00
   7160.000    0.897610383697E+00    0.217159055729E-01    0.919326289270E+00
   7170.000    0.897648452669E+00    0.216739368459E-01    0.919322389515E+00
   7180.000    0.897686477243E+00    0.216315297066E-01    0.919318006949E+00
   7190.000    0.897723215481E+00    0.215894172556E-01    0.919312632737E+00
   7200.000    0.897758146876E+00    0.215476136536E-01    0.919305760530E+00
   7210.000    0.897791969015E+00    0.215054913216E-01    0.919297460337E+00
   7220.000    0.897826583800E+00    0.214616225773E-01    0.919288206377E+00
   7230.000    0.897864593287E+00    0.214140921337E-01    0.919278685421E+00
   7240.000    0.897908315417E+00    0.213615381395E-01    0.919269853557E+00
   7250.000    0.897959058818E+00    0.213026817317E-01    0.919261740550E+00
   7260.000    0.898016707414E+00    0.212372044744E-01    0.919253911888E+00
   7270.000    0.898079536479E+00    0.211662367800E-01    0.919245773259E+00
   7280.000    0.898144643028E+00    0.210926222747E-01    0.919237265303E+00
   7290.000    0.898208942398E+00    0.210190654001E-01    0.919228007798E+00
   7300.000    0.898270304105E+00    0.209485067287E-01    0.919218810834E+00
   7310.000    0.898328114649E+00    0.208821636241E-01    0.919210278273E+00
   7320.000    0.898383339891E+00    0.208190701624E-01    0.919202410053E+00
   7330.000    0.898437818626E+00    0.207572287119E-01    0.919195047338E+00
   7340.000    0.898493247406E+00    0.206945831374E-01    0.919187830543E+00
   7350.000    0.898550605220E+00    0.206301979937E-01    0.919180803213E+00
   7360.000    0.898610332327E+00    0.205634419846E-01    0.919173774311E+00
   7370.000    0.898672940921E+00    0.204938867085E-01    0.919166827630E+00
   7380.000    0.898739178848E+00    0.204208638492E-01    0.919160042698E+00
   7390.000    0.898809502574E+00    0.203441542990E-01    0.919153656873E+00
   7400.000    0.898883136456E+00    0.202646076566E-01    0.919147744113E+00
   7410.000    0.898957624582E+00    0.201846800509E-01    0.919142304633E+00
   7420.000    0.899029443019E+00    0.201079703646E-01    0.919137413383E+00
   7430.000    0.899095361619E+00    0.200374901334E-01    0.919132851752E+00
   7440.000    0.899153664510E+00    0.199749130890E-01    0.919128577599E+00
   7450.000    0.899204656932E+00    0.199201754713E-01    0.919124832404E+00
   7460.000    0.899250524659E+00    0.198711898425E-01    0.919121714502E+00
   7470.000    0.899294739786E+00    0.198243026982E-01    0.919119042484E+00
   7480.000    0.899341092291E+00    0.197757304724E-01    0.919116822764E+00
   7490.000    0.899392575277E+00    0.197218405784E-01    0.919114415856E+00
   7500.000    0.899450404395E+00    0.196612186320E-01    0.919111623027E+00
   7510.000    0.899513693662E+00    0.195944799230E-01    0.919108173585E+00
   7520.000    0.899580153080E+00    0.195235433290E-01    0.919103696409E+00
   7530.000    0.899647348222E+00    0.194504135625E-01    0.919097761785E+00
   7540.000    0.899713503851E+00    0.193764698624E-01    0.919089973713E+00
   7550.000    0.899777547881E+00    0.193027300940E-01    0.919080277975E+00
   7560.000    0.899838762770E+00    0.192308196447E-01    0.919069582415E+00
   7570.000    0.899896617326E+00    0.191620247826E-01    0.919058642109E+00
   7580.000    0.899950818760E+00    0.190973830784E-01    0.919048201838E+00
   7590.000    0.900001353693E+00    0.190364106285E-01    0.919037764322E+00
   7600.000    0.900048462447E+00    0.189789508555E-01    0.919027413303E+00
   7610.000    0.900092419990E+00    0.189255622473E-01    0.919017982237E+00
   7620.000    0.900133411459E+00    0.188761973205E-01    0.919009608779E+00
   7630.000    0.900171487309E+00    0.188308165144E-01    0.919002303824E+00
   7640.000    0.900206654490E+00    0.187887419729E-01    0.918995396463E+00
   7650.000    0.900239099379E+00    0.187492913227E-01    0.918988390702E+00
   7660.000    0.900269335249E+00    0.187117130475E-01    0.918981048297E+00
   7670.000    0.900298215311E+00    0.186747329441E-01    0.918972948255E+00
   7680.000    0.900326879576E+00    0.186365999930E-01    0.918963479569E+00
   7690.000    0.900356431019E+00    0.185962532189E-01    0.918952684238E+00
   7700.000    0.900387601975E+00    0.185527586867E-01    0.918940360662E+00
   7710.000    0.900420532763E+00    0.185066128057E-01    0.918927145569E+00
   7720.000    0.900454636432E+00    0.184586608028E-01    0.918913297235E+00
   7730.000    0.900488879136E+00    0.184102153914E-01    0.918899094527E+00
   7740.000    0.900522311436E+00    0.183627084399E-01    0.918885019876E+00
   7750.000    0.900554540816E+00    0.183167541583E-01    0.918871294974E+00
   7760.000    0.900585860941E+00    0.182718590470E-01    0.918857719988E+00
   7770.000    0.900617156656E+00    0.182264402886E-01    0.918843596944E+00
   7780.000    0.900649866033E+00    0.181782519619E-01    0.918828117995E+00
   7790.000    0.900685905503E+00    0.181257232612E-01    0.918811628765E+00
   7800.000    0.900727688714E+00    0.180668846514E-01    0.918794573366E+00
   7810.000    0.900777974342E+00    0.179997348975E-01    0.918777709240E+00
   7820.000    0.900839170379E+00    0.179222751226E-01    0.918761445502E+00
   7830.000    0.900912668165E+00    0.178331949119E-01    0.918745863077E+00
   7840.000    0.900998511150E+00    0.177325658297E-01    0.918731076980E+00
   7850.000    0.901095542824E+00    0.176218501846E-01    0.918717393009E+00
   7860.000    0.901201793659E+00    0.175031561969E-01    0.918704949856E+00
   7870.000    0.901314722634E+00    0.173787172764E-01    0.918693439910E+00
   7880.000    0.901431245304E+00    0.172511880232E-01    0.918682433327E+00
   7890.000    0.901547773372E+00    0.171232794670E-01    0.918671052839E+00
   7900.000    0.901660528804E+00    0.169976997874E-01    0.918658228591E+00
   7910.000    0.901766014972E+00    0.168766529239E-01    0.918642667896E+00
   7920.000    0.901861695908E+00    0.167619564014E-01    0.918623652309E+00
   7930.000    0.901946660473E+00    0.166547343500E-01    0.918601394823E+00
   7940.000    0.902021666064E+00    0.165556491901E-01    0.918577315254E+00
   7950.000    0.902088221082E+00    0.164659049923E-01    0.918554126074E+00
   7960.000    0.902147456601E+00    0.163860966679E-01    0.918533553269E+00
   7970.000    0.902199891057E+00    0.163157818856E-01    0.918515672942E+00
   7980.000    0.902246124074E+00    0.162535983023E-01    0.918499722377E+00
   7990.000    0.902287647580E+00    0.161977164685E-01    0.918485364048E+00
   8000.000    0.902327104048E+00    0.161450614545E-01    0.918472165503E+00
   8010.000    0.902367836600E+00    0.160917300172E-01    0.918459566617E+00
   8020.000    0.902413111267E+00    0.160335082964E-01    0.918446619563E+00
   8030.000    0.902465327747E+00    0.159683859488E-01    0.918433713696E+00
   8040.000    0.902525518118E+00    0.158958477809E-01    0.918421365899E+00
   8050.000    0.902593349403E+00    0.158165232896E-01    0.918409872692E+00
   8060.000    0.902667068994E+00    0.157328812462E-01    0.918399950240E+00
   8070.000    0.902743549016E+00    0.156477451194E-01    0.918391294136E+00
   8080.000    0.902818758836E+00    0.155645384183E-01    0.918383297254E+00
   8090.000    0.902888591009E+00    0.154871036031E-01    0.918375694612E+00
   8100.000    0.902949765439E+00    0.154193235125E-01    0.918369088952E+00
   8110.000    0.903000600095E+00    0.153626155939E-01    0.918363215689E+00
   8120.000    0.903041338233E+00    0.153164102578E-01    0.918357748491E+00
   8130.000    0.903073620905E+00    0.152791870641E-01    0.918352807969E+00
   8140.000    0.903099760680E+00    0.152485802644E-01    0.918348340944E+00
   8150.000    0.903122089170E+00    0.152224524502E-01    0.918344541620E+00
   8160.000    0.903142350010E+00    0.151989244309E-01    0.918341274441E+00
   8170.000    0.903161554716E+00    0.151768942261E-01    0.918338448942E+00
   8180.000    0.903180252382E+00    0.151555873387E-01    0.918335839721E+00
   8190.000    0.903198871581E+00    0.151342991108E-01    0.918333170692E+00
   8200.000    0.903217747380E+00    0.151124823791E-01    0.918330229759E+00
   8210.000    0.903236771190E+00    0.150904349740E-01    0.918327206164E+00
   8220.000    0.903255186577E+00    0.150689914477E-01    0.918324178025E+00
   8230.000    0.903271967996E+00    0.150493621113E-01    0.918321330107E+00
   8240.000    0.903286519742E+00    0.150322796777E-01    0.918318799420E+00
   8250.000    0.903299194491E+00    0.150169567742E-01    0.918316151265E+00
   8260.000    0.903311254693E+00    0.150017016912E-01    0.918312956384E+00
   8270.000    0.903324287876E+00    0.149842661220E-01    0.918308553998E+00
   8280.000    0.903339549465E+00    0.149631049853E-01    0.918302654450E+00
   8290.000    0.903357669873E+00    0.149376144075E-01    0.918295284280E+00
   8300.000    0.903378823798E+00    0.149078510907E-01    0.918286674889E+00
   8310.000    0.903402985214E+00    0.148747587088E-01    0.918277743922E+00
   8320.000    0.903430024456E+00    0.148386172806E-01    0.918268641737E+00
   8330.000    0.903459720177E+00    0.147993599983E-01    0.918259080175E+00
   8340.000    0.903491594755E+00    0.147580061939E-01    0.918249600949E+00
   8350.000    0.903525102961E+00    0.147153353189E-01    0.918240438280E+00
   8360.000    0.903560195719E+00    0.146718755439E-01    0.918232071263E+00
   8370.000    0.903597422766E+00    0.146270054895E-01    0.918224428255E+00
   8380.000    0.903637410791E+00    0.145799573915E-01    0.918217368183E+00
   8390.000    0.903679964777E+00    0.145306402639E-01    0.918210605041E+00
   8400.000    0.903723657250E+00    0.144804537183E-01    0.918204110968E+00
   8410.000    0.903766526612E+00    0.144314288725E-01    0.918197955485E+00
   8420.000    0.903807339365E+00    0.143849393482E-01    0.918192278713E+00
   8430.000    0.903846316637E+00    0.143407871521E-01    0.918187103789E+00
   8440.000    0.903884836700E+00    0.142975231999E-01    0.918182359900E+00
   8450.000    0.903924480249E+00    0.142534432644E-01    0.918177923513E+00
   8460.000    0.903966146868E+00    0.142077989449E-01    0.918173945813E+00
   8470.000    0.904009995576E+00    0.141605954502E-01    0.918170591026E+00
   8480.000    0.904056299621E+00    0.141114228915E-01    0.918167722512E+00
   8490.000    0.904106391350E+00    0.140585882288E-01    0.918164979579E+00
   8500.000    0.904162655128E+00    0.139992807150E-01    0.918161935844E+00
   8510.000    0.904227317800E+00    0.139309590293E-01    0.918158276829E+00
   8520.000    0.904300766559E+00    0.138531277705E-01    0.918153894330E+00
   8530.000    0.904380601309E+00    0.137687985882E-01    0.918149399897E+00
   8540.000    0.904462297866E+00    0.136830062227E-01    0.918145304089E+00
   8550.000    0.904540885299E+00    0.136010655864E-01    0.918141950885E+00
   8560.000    0.904612476587E+00    0.135264778232E-01    0.918138954410E+00
   8570.000    0.904674893486E+00    0.134606517005E-01    0.918135545186E+00
   8580.000    0.904727300245E+00    0.134037969294E-01    0.918131097174E+00
   8590.000    0.904769660894E+00    0.133557493660E-01    0.918125410260E+00
   8600.000    0.904802614522E+00    0.133157316867E-01    0.918118346209E+00
   8610.000    0.904827549008E+00    0.132825107488E-01    0.918110059757E+00
   8620.000    0.904846439541E+00    0.132542651442E-01    0.918100704685E+00
   8630.000    0.904861336661E+00    0.132295834008E-01    0.918090920061E+00
   8640.000    0.904873899778E+00    0.132075278207E-01    0.918081427599E+00
   8650.000    0.904885323230E+00    0.131868754666E-01    0.918072198696E+00
   8660.000    0.904896406034E+00    0.131667997991E-01    0.918063205833E+00
   8670.000    0.904907540619E+00    0.131469296032E-01    0.918054470222E+00
   8680.000    0.904918896437E+00    0.131268482716E-01    0.918045744709E+00
   8690.000    0.904930836157E+00    0.131057746546E-01    0.918036610811E+00
   8700.000    0.904944242951E+00    0.130828461502E-01    0.918027089101E+00
   8710.000    0.904960599881E+00    0.130567686915E-01    0.918017368573E+00
   8720.000    0.904981639224E+00    0.130264101155E-01    0.918008049339E+00
   8730.000    0.905008673187E+00    0.129911105910E-01    0.917999783778E+00
   8740.000    0.905042088298E+00    0.129505848880E-01    0.917992673186E+00
   8750.000    0.905081219668E+00    0.129050039007E-01    0.917986223569E+00
   8760.000    0.905124371565E+00    0.128558270314E-01    0.917980198597E+00
   8770.000    0.905169006965E+00    0.128061124591E-01    0.917975119424E+00
   8780.000    0.905212411385E+00    0.127585887768E-01    0.917971000162E+00
   8790.000    0.905252506166E+00    0.127148077683E-01    0.917967313934E+00
   8800.000    0.905288295621E+00    0.126753470383E-01    0.917963642660E+00
   8810.000    0.905319924971E+00    0.126397033898E-01    0.917959628361E+00
   8820.000    0.905348435898E+00    0.126067075747E-01    0.917955143473E+00
   8830.000    0.905375279429E+00    0.125754503736E-01    0.917950729803E+00
   8840.000    0.905401859830E+00    0.125443063066E-01    0.917946166136E+00
   8850.000    0.905429277610E+00    0.125125694031E-01    0.917941847013E+00
   8860.000    0.905458112663E+00    0.124801530369E-01    0.917938265700E+00
   8870.000    0.905488406284E+00    0.124469718330E-01    0.917935378117E+00
   8880.000    0.905519742561E+00    0.124133327532E-01    0.917933075315E+00
   8890.000    0.905551259842E+00    0.123799219495E-01    0.917931181791E+00
   8900.000    0.905581788645E+00    0.123477005480E-01    0.917929489193E+00
   8910.000    0.905610221276E+00    0.123177490875E-01    0.917927970364E+00
   8920.000    0.905636058497E+00    0.122904045588E-01    0.917926463056E+00
   8930.000    0.905659798142E+00    0.122651278217E-01    0.917924925964E+00
   8940.000    0.905682880136E+00    0.122402011216E-01    0.917923081257E+00
   8950.000    0.905707231827E+00    0.122133200075E-01    0.917920551835E+00
   8960.000    0.905734606911E+00    0.121823945987E-01    0.917917001510E+00
   8970.000    0.905766049576E+00    0.121462466524E-01    0.917912296229E+00
   8980.000    0.905801765328E+00    0.121043450406E-01    0.917906110369E+00
   8990.000    0.905841364161E+00    0.120569440172E-01    0.917898308178E+00
   9000.000    0.905884162902E+00    0.120053378090E-01    0.917889500711E+00
   9010.000    0.905929269025E+00    0.119516416404E-01    0.917880910666E+00
   9020.000    0.905975548773E+00    0.118977764835E-01    0.917873325256E+00
   9030.000    0.906021726600E+00    0.118450660131E-01    0.917866792613E+00
   9040.000    0.906066626192E+00    0.117946198468E-01    0.917861246038E+00
   9050.000    0.906109413025E+00    0.117473604100E-01    0.917856773435E+00
   9060.000    0.906149758325E+00    0.117033155433E-01    0.917853073868E+00
   9070.000    0.906187681945E+00    0.116621529206E-01    0.917849834866E+00
   9080.000    0.906223134330E+00    0.116236200018E-01    0.917846754331E+00
   9090.000    0.906255777586E+00    0.115879898654E-01    0.917843767452E+00
   9100.000    0.906285182226E+00    0.115556495117E-01    0.917840831738E+00
   9110.000    0.906311294207E+00    0.115266677783E-01    0.917837961985E+00
   9120.000    0.906334746766E+00    0.115005129477E-01    0.917835259714E+00
   9130.000    0.906356704669E+00    0.114757898055E-01    0.917832494475E+00
   9140.000    0.906378297400E+00    0.114512098269E-01    0.917829507227E+00
   9150.000    0.906400069179E+00    0.114261107786E-01    0.917826179958E+00
   9160.000    0.906421816198E+00    0.114007780400E-01    0.917822594238E+00
   9170.000    0.906442847207E+00    0.113756492641E-01    0.917818496471E+00
   9180.000    0.906462426559E+00    0.113514018073E-01    0.917813828367E+00
   9190.000    0.906480099575E+00    0.113286884195E-01    0.917808787995E+00
   9200.000    0.906495783567E+00    0.113080069182E-01    0.917803790486E+00
   9210.000    0.906509712793E+00    0.112892571540E-01    0.917798969947E+00
   9220.000    0.906522300481E+00    0.112718129762E-01    0.917794113457E+00
   9230.000    0.906534005269E+00    0.112547279497E-01    0.917788733218E+00
   9240.000    0.906545261484E+00    0.112368526036E-01    0.917782114088E+00
   9250.000    0.906556440534E+00    0.112172049413E-01    0.917773645476E+00
   9260.000    0.906567790744E+00    0.111955788757E-01    0.917763369619E+00
   9270.000    0.906579313403E+00    0.111728616414E-01    0.917752175045E+00
   9280.000    0.906590692406E+00    0.111508059239E-01    0.917741498330E+00
   9290.000    0.906601441604E+00    0.111306898210E-01    0.917732131425E+00
   9300.000    0.906611164243E+00    0.111130925998E-01    0.917724256843E+00
   9310.000    0.906619709686E+00    0.110980240839E-01    0.917717733770E+00
   9320.000    0.906627177626E+00    0.110852072631E-01    0.917712384889E+00
   9330.000    0.906633801025E+00    0.110738808927E-01    0.917707681917E+00
   9340.000    0.906639874723E+00    0.110633179090E-01    0.917703192632E+00
   9350.000    0.906645777994E+00    0.110526815591E-01    0.917698459553E+00
   9360.000    0.906651944591E+00    0.110415374414E-01    0.917693482033E+00
   9370.000    0.906658756460E+00    0.110294709633E-01    0.917688227423E+00
   9380.000    0.906666485436E+00    0.110164633340E-01    0.917682948770E+00
   9390.000    0.906675313713E+00    0.110025251372E-01    0.917677838850E+00
   9400.000    0.906685411164E+00    0.109874539994E-01    0.917672865164E+00
   9410.000    0.906696969270E+00    0.109711701950E-01    0.917668139465E+00
   9420.000    0.906710108766E+00    0.109538377897E-01    0.917663946556E+00
   9430.000    0.906724805387E+00    0.109352551340E-01    0.917660060521E+00
   9440.000    0.906740833973E+00    0.109152427424E-01    0.917656076716E+00
   9450.000    0.906757703966E+00    0.108941611124E-01    0.917651865079E+00
   9460.000    0.906774730180E+00    0.108727778584E-01    0.917647508038E+00
   9470.000    0.906791181660E+00    0.108522765483E-01    0.917643458209E+00
   9480.000    0.906806415903E+00    0.108335746546E-01    0.917639990558E+00
   9490.000    0.906820085003E+00    0.108169194600E-01    0.917637004462E+00
   9500.000    0.906832330389E+00    0.108021493573E-01    0.917634479746E+00
   9510.000    0.906843860372E+00    0.107883820372E-01    0.917632242409E+00
   9520.000    0.906855809545E+00    0.107744183296E-01    0.917630227874E+00
   9530.000    0.906869338234E+00    0.107591203840E-01    0.917628458618E+00
   9540.000    0.906885205409E+00    0.107415874985E-01    0.917626792908E+00
   9550.000    0.906903486052E+00    0.107213629852E-01    0.917624849037E+00
   9560.000    0.906923567651E+00    0.106987815579E-01    0.917622349209E+00
   9570.000    0.906944456527E+00    0.106746390117E-01    0.917619095539E+00
   9580.000    0.906965169552E+00    0.106498967340E-01    0.917615066285E+00
   9590.000    0.906984974682E+00    0.106253884259E-01    0.917610363108E+00
   9600.000    0.907003474516E+00    0.106017766169E-01    0.917605251133E+00
   9610.000    0.907020657705E+00    0.105793667617E-01    0.917600024467E+00
   9620.000    0.907036913130E+00    0.105581400322E-01    0.917595053162E+00
   9630.000    0.907052787147E+00    0.105378782902E-01    0.917590665437E+00
   9640.000    0.907068593868E+00    0.105183646533E-01    0.917586958521E+00
   9650.000    0.907084177829E+00    0.104995762442E-01    0.917583754074E+00
   9660.000    0.907098987667E+00    0.104819255091E-01    0.917580913176E+00
   9670.000    0.907112428887E+00    0.104658370576E-01    0.917578265945E+00
   9680.000    0.907124255938E+00    0.104514505600E-01    0.917575706498E+00
   9690.000    0.907134715667E+00    0.104383313825E-01    0.917573047050E+00
   9700.000    0.907144403341E+00    0.104260248924E-01    0.917570428233E+00
   9710.000    0.907154127830E+00    0.104138735243E-01    0.917568001354E+00
   9720.000    0.907164859480E+00    0.104009710278E-01    0.917565830508E+00
   9730.000    0.907177665781E+00    0.103861903905E-01    0.917563856172E+00
   9740.000    0.907193621566E+00    0.103684122262E-01    0.917562033792E+00
   9750.000    0.907213783767E+00    0.103465711572E-01    0.917560354925E+00
   9760.000    0.907239159168E+00    0.103196526979E-01    0.917558811866E+00
   9770.000    0.907270424735E+00    0.102870448653E-01    0.917557469600E+00
   9780.000    0.907307489656E+00    0.102486549961E-01    0.917556144652E+00
   9790.000    0.907349077671E+00    0.102055117953E-01    0.917554589466E+00
   9800.000    0.907392661219E+00    0.101598817499E-01    0.917552542969E+00
   9810.000    0.907435065540E+00    0.101147290436E-01    0.917549794584E+00
   9820.000    0.907473453042E+00    0.100729881486E-01    0.917546441190E+00
   9830.000    0.907506086652E+00    0.100366875532E-01    0.917542774205E+00
   9840.000    0.907532513182E+00    0.100063929403E-01    0.917538906122E+00
   9850.000    0.907553307880E+00    0.998128100761E-02    0.917534588887E+00
   9860.000    0.907569656829E+00    0.996005483013E-02    0.917529711659E+00
   9870.000    0.907582947731E+00    0.994130993669E-02    0.917524257668E+00
   9880.000    0.907594499041E+00    0.992371935568E-02    0.917518218397E+00
   9890.000    0.907605415652E+00    0.990626159001E-02    0.917511677242E+00
   9900.000    0.907616536120E+00    0.988844750727E-02    0.917504983628E+00
   9910.000    0.907628346489E+00    0.987060853475E-02    0.917498955023E+00
   9920.000    0.907641044111E+00    0.985278654911E-02    0.917493830660E+00
   9930.000    0.907654681287E+00    0.983476775624E-02    0.917489449043E+00
   9940.000    0.907669096668E+00    0.981646964773E-02    0.917485566316E+00
   9950.000    0.907683946544E+00    0.979753910938E-02    0.917481485654E+00
   9960.000    0.907698921343E+00    0.977779315618E-02    0.917476714499E+00
   9970.000    0.907714000529E+00    0.975717558535E-02    0.917471176114E+00
   9980.000    0.907729632448E+00    0.973535554531E-02    0.917464987993E+00
   9990.000    0.907746625824E+00    0.971187109419E-02    0.917458496918E+00
  10000.000    0.907765722129E+00    0.968664153533E-02    0.917452363664E+00
  10010.000    0.907787327908E+00    0.965919788401E-02    0.917446525792E+00
  10020.000    0.907811358466E+00    0.962989418062E-02    0.917441252647E+00
